1000
58.883604686432356 19.627868228810787 392.5573645762157 0.07851147291524314 39.25573645762157
101.16209764525671 33.72069921508557 674.4139843017114 0.1348827968603423 67.44139843017113
79.10644209023351 26.368814030077836 527.3762806015567 0.10547525612031135 52.73762806015567
118.88652488718053 39.628841629060176 792.5768325812035 0.1585153665162407 79.25768325812035
130.18903567135234 43.39634522378411 867.9269044756822 0.17358538089513645 86.79269044756822
120.72073055411443 40.24024351803814 804.8048703607628 0.1609609740721526 80.48048703607628
94.40967980525957 31.469893268419856 629.3978653683971 0.12587957307367945 62.93978653683971
100.25379819705063 33.41793273235021 668.3586546470042 0.13367173092940085 66.83586546470042
92.04624914036653 30.682083046788843 613.6416609357768 0.12272833218715538 61.36416609357769
70.6390582297734 23.5463527432578 470.92705486515604 0.09418541097303121 47.0927054865156
96.94902558787513 32.316341862625045 646.3268372525008 0.12926536745050018 64.63268372525009
57.19982748416378 19.066609161387927 381.33218322775855 0.07626643664555172 38.13321832277585
67.59467556605337 22.53155852201779 450.6311704403558 0.09012623408807116 45.06311704403558
116.91394902967366 38.97131634322456 779.4263268644911 0.15588526537289824 77.94263268644912
110.92911369229373 36.97637123076458 739.5274246152916 0.1479054849230583 73.95274246152916
72.24657891014316 24.082192970047718 481.64385940095434 0.09632877188019087 48.164385940095436
97.5904449850682 32.53014832835607 650.6029665671214 0.13012059331342427 65.06029665671214
92.46214230685096 30.820714102283652 616.4142820456731 0.12328285640913461 61.641428204567305
109.86597766247993 36.621992554159974 732.4398510831995 0.14648797021663992 73.24398510831995
68.2411745430458 22.747058181015266 454.94116362030536 0.09098823272406108 45.49411636203053
60.474296308044636 20.15809876934821 403.16197538696423 0.08063239507739285 40.31619753869642
129.64332311967348 43.21444103989116 864.2888207978232 0.17285776415956466 86.42888207978233
79.64176913523926 26.54725637841309 530.9451275682617 0.10618902551365235 53.09451275682618
125.72817078390072 41.90939026130024 838.1878052260048 0.16763756104520097 83.81878052260048
83.55130349480281 27.8504344982676 557.008689965352 0.1114017379930704 55.7008689965352
80.80186784535118 26.933955948450393 538.6791189690078 0.10773582379380159 53.867911896900786
101.34064748125564 33.780215827085215 675.6043165417043 0.13512086330834086 67.56043165417043
117.17771730655102 39.059239102183675 781.1847820436735 0.1562369564087347 78.11847820436735
100.10038842070733 33.36679614023578 667.3359228047156 0.13346718456094311 66.73359228047156
66.69773918043263 22.23257972681088 444.6515945362176 0.08893031890724352 44.46515945362176
108.62279618182008 36.20759872727336 724.1519745454672 0.14483039490909344 72.41519745454671
110.28136200272743 36.76045400090914 735.2090800181828 0.14704181600363658 73.52090800181828
121.75797005202219 40.58599001734073 811.7198003468146 0.1623439600693629 81.17198003468145
130.46550639319827 43.488502131066085 869.7700426213217 0.17395400852426435 86.97700426213217
127.59170533243689 42.53056844414563 850.6113688829125 0.1701222737765825 85.06113688829126
65.84269158168846 21.94756386056282 438.95127721125635 0.08779025544225127 43.89512772112564
106.14016413589327 35.380054711964426 707.6010942392885 0.1415202188478577 70.76010942392885
77.35282796366182 25.784275987887273 515.6855197577455 0.1031371039515491 51.56855197577455
93.90191291437522 31.300637638125075 626.0127527625015 0.1252025505525003 62.60127527625015
56.44918549623608 18.81639516541203 376.32790330824054 0.07526558066164812 37.63279033082406
56.381866867389135 18.793955622463045 375.8791124492609 0.07517582248985219 37.58791124492609
122.9457432124973 40.98191440416577 819.6382880833154 0.16392765761666309 81.96382880833154
62.240079082748174 20.746693027582726 414.9338605516545 0.0829867721103309 41.49338605516545
60.11456469820874 20.038188232736246 400.7637646547249 0.08015275293094498 40.07637646547249
67.07865557825873 22.359551859419575 447.19103718839153 0.08943820743767832 44.71910371883915
79.88797052317966 26.629323507726554 532.5864701545311 0.10651729403090622 53.25864701545311
102.29181461330718 34.09727153776906 681.9454307553812 0.13638908615107623 68.19454307553812
113.42763806709198 37.80921268903066 756.1842537806132 0.15123685075612264 75.61842537806132
105.01879316047294 35.00626438682431 700.1252877364863 0.14002505754729727 70.01252877364863
60.24490225387829 20.081634084626096 401.63268169252194 0.0803265363385044 40.16326816925219
112.87988113553055 37.62662704517685 752.5325409035371 0.15050650818070743 75.2532540903537
116.43405074195856 38.811350247319524 776.2270049463904 0.15524540098927808 77.62270049463905
83.0877709253357 27.69592364177857 553.9184728355714 0.11078369456711429 55.39184728355714
82.65037075668008 27.550123585560026 551.0024717112005 0.11020049434224011 55.10024717112005
107.12641684656747 35.708805615522486 714.1761123104498 0.14283522246208996 71.41761123104497
91.51150383858611 30.503834612862036 610.0766922572407 0.12201533845144814 61.00766922572407
76.8166383834689 25.605546127822965 512.1109225564593 0.10242218451129187 51.21109225564593
100.20522202956921 33.401740676523076 668.0348135304614 0.1336069627060923 66.80348135304615
101.25253711764725 33.75084570588241 675.0169141176483 0.13500338282352967 67.50169141176482
60.876996676894336 20.292332225631444 405.8466445126289 0.08116932890252579 40.58466445126289
70.22807041212107 23.409356804040357 468.18713608080714 0.09363742721616143 46.818713608080714
56.771642224997535 18.923880741665844 378.47761483331686 0.07569552296666338 37.84776148333169
77.98318799768282 25.994395999227603 519.8879199845521 0.10397758399691043 51.988791998455206
72.08626410003717 24.028754700012392 480.5750940002478 0.09611501880004958 48.057509400024784
125.91038835376904 41.97012945125634 839.4025890251269 0.1678805178050254 83.94025890251268
110.82563184372415 36.94187728124139 738.8375456248277 0.14776750912496556 73.88375456248278
92.47336021270554 30.82445340423518 616.4890680847036 0.12329781361694073 61.64890680847036
92.95105619470777 30.983685398235927 619.6737079647186 0.12393474159294371 61.967370796471855
103.61995503796052 34.53998501265351 690.7997002530701 0.13815994005061402 69.07997002530702
87.3924063445461 29.130802114848702 582.616042296974 0.11652320845939482 58.261604229697404
94.2137577338225 31.404585911274168 628.0917182254834 0.1256183436450967 62.809171822548336
116.7090546733636 38.903018224454534 778.0603644890907 0.15561207289781814 77.80603644890907
127.17618155411726 42.39206051803909 847.8412103607817 0.16956824207215637 84.78412103607818
79.7955239389997 26.598507979666564 531.9701595933312 0.10639403191866625 53.19701595933313
102.50976169334902 34.169920564449676 683.3984112889934 0.1366796822577987 68.33984112889935
90.03417011083839 30.01139003694613 600.2278007389226 0.12004556014778452 60.02278007389226
70.9710013460367 23.6570004486789 473.140008973578 0.0946280017947156 47.3140008973578
124.00033786071491 41.33344595357163 826.6689190714327 0.16533378381428654 82.66689190714327
95.85703513346256 31.95234504448752 639.0469008897503 0.12780938017795007 63.90469008897504
125.57164226184709 41.857214087282365 837.1442817456473 0.16742885634912946 83.71442817456473
105.06609602496994 35.022032008323315 700.4406401664662 0.14008812803329326 70.04406401664663
109.22595816565412 36.40865272188471 728.1730544376941 0.14563461088753882 72.81730544376941
81.86032760031846 27.286775866772818 545.7355173354563 0.10914710346709128 54.573551733545635
62.122784115664 20.707594705221332 414.1518941044267 0.08283037882088534 41.415189410442665
101.59614686790302 33.865382289301 677.3076457860201 0.13546152915720402 67.730764578602
94.23715637427588 31.41238545809196 628.2477091618392 0.12564954183236784 62.82477091618392
104.25905706155295 34.75301902051765 695.060380410353 0.1390120760820706 69.5060380410353
89.38839375668107 29.79613125222702 595.9226250445404 0.11918452500890808 59.59226250445404
115.0354224314142 38.3451408104714 766.902816209428 0.15338056324188562 76.6902816209428
94.30879082060818 31.436263606869392 628.7252721373878 0.12574505442747758 62.872527213738785
117.13398732502895 39.04466244167632 780.8932488335264 0.15617864976670529 78.08932488335265
60.30780314187036 20.10260104729012 402.0520209458024 0.08041040418916048 40.20520209458024
104.81746016216627 34.93915338738876 698.7830677477751 0.13975661354955501 69.87830677477751
114.28001268083858 38.09333756027953 761.8667512055905 0.15237335024111812 76.18667512055906
113.47377648362131 37.82459216120711 756.4918432241421 0.15129836864482843 75.64918432241421
97.50219040455099 32.50073013485033 650.0146026970066 0.13000292053940132 65.00146026970066
95.82410764082019 31.94136921360673 638.8273842721346 0.12776547685442693 63.88273842721346
103.38419834914791 34.46139944971597 689.2279889943194 0.13784559779886388 68.92279889943194
60.97848225041384 20.326160750137948 406.52321500275895 0.08130464300055179 40.652321500275896
111.14622377386806 37.04874125795602 740.9748251591204 0.14819496503182408 74.09748251591203
70.38020506890115 23.460068356300383 469.20136712600765 0.09384027342520153 46.920136712600765
97.65275025522057 32.55091675174019 651.0183350348037 0.13020366700696076 65.10183350348038
72.26901633586141 24.089672111953803 481.79344223907606 0.09635868844781521 48.179344223907606
83.75128372237543 27.917094574125144 558.3418914825029 0.11166837829650059 55.83418914825029
79.60411601167618 26.534705337225397 530.6941067445078 0.10613882134890158 53.06941067445079
95.64703670649558 31.88234556883186 637.6469113766371 0.12752938227532745 63.76469113766372
69.55736076557568 23.18578692185856 463.71573843717124 0.09274314768743425 46.37157384371712
92.84644004870313 30.94881334956771 618.9762669913542 0.12379525339827085 61.89762669913542
102.27191913906134 34.09063971302045 681.812794260409 0.1363625588520818 68.1812794260409
108.07250014025824 36.02416671341941 720.4833342683883 0.14409666685367767 72.04833342683882
95.31180478936837 31.77060159645612 635.4120319291225 0.1270824063858245 63.54120319291224
60.39003332779037 20.130011109263457 402.60022218526916 0.08052004443705384 40.26002221852691
115.75441005238251 38.584803350794175 771.6960670158835 0.1543392134031767 77.16960670158835
106.4725422759229 35.490847425307635 709.8169485061527 0.14196338970123054 70.98169485061527
95.52470725020183 31.84156908340061 636.8313816680122 0.12736627633360245 63.68313816680122
87.93516016277505 29.311720054258352 586.234401085167 0.1172468802170334 58.623440108516704
76.08123094789603 25.360410315965343 507.20820631930684 0.10144164126386138 50.720820631930685
120.6870934834822 40.229031161160734 804.5806232232146 0.16091612464464294 80.45806232232147
85.85731473160182 28.619104910533938 572.3820982106788 0.11447641964213576 57.238209821067876
109.1065051313187 36.368835043772904 727.376700875458 0.14547534017509162 72.73767008754581
107.77527250474392 35.92509083491464 718.5018166982928 0.14370036333965858 71.85018166982928
99.09181905218718 33.03060635072906 660.6121270145811 0.13212242540291624 66.06121270145812
78.19684531412354 26.065615104707845 521.312302094157 0.10426246041883139 52.13123020941569
115.82393669812402 38.60797889937467 772.1595779874934 0.1544319155974987 77.21595779874934
103.78312116421048 34.59437372140349 691.8874744280698 0.138377494885614 69.18874744280699
124.80873936410377 41.602913121367926 832.0582624273585 0.1664116524854717 83.20582624273585
71.01561939168364 23.671873130561213 473.43746261122425 0.09468749252224486 47.343746261122426
91.9299164386717 30.64330547955723 612.8661095911447 0.12257322191822893 61.28661095911446
81.60369889182007 27.201232963940026 544.0246592788005 0.10880493185576011 54.40246592788005
125.0975771950357 41.69919239834523 833.9838479669046 0.16679676959338094 83.39838479669046
116.37019774226633 38.79006591408878 775.8013182817756 0.15516026365635513 77.58013182817756
117.44325402933063 39.14775134311021 782.9550268622042 0.15659100537244086 78.29550268622042
83.58735934879608 27.862453116265364 557.2490623253072 0.11144981246506146 55.72490623253073
94.99945606529202 31.66648535509734 633.3297071019468 0.12666594142038937 63.33297071019468
94.42048860899231 31.473496202997435 629.4699240599488 0.12589398481198974 62.94699240599487
113.57086338202109 37.8569544606737 757.139089213474 0.1514278178426948 75.7139089213474
72.34155855675122 24.113852852250407 482.2770570450081 0.09645541140900163 48.22770570450081
105.01062745246861 35.0035424841562 700.070849683124 0.14001416993662483 70.0070849683124
77.9845763991899 25.99485879972997 519.8971759945994 0.10397943519891989 51.98971759945994
107.86215261425436 35.95405087141812 719.0810174283624 0.14381620348567248 71.90810174283624
81.2368386764682 27.078946225489396 541.578924509788 0.10831578490195759 54.15789245097879
126.11371852161379 42.037906173871264 840.7581234774253 0.16815162469548506 84.07581234774253
104.87444158321533 34.95814719440511 699.1629438881022 0.13983258877762045 69.91629438881021
85.48732896335362 28.495776321117873 569.9155264223574 0.11398310528447149 56.991552642235746
110.1582660844701 36.7194220281567 734.388440563134 0.1468776881126268 73.4388440563134
58.88754012035734 19.629180040119117 392.5836008023823 0.07851672016047646 39.25836008023823
69.58105604499445 23.193685348331485 463.87370696662964 0.09277474139332594 46.38737069666297
56.56135562260233 18.85378520753411 377.0757041506822 0.07541514083013645 37.70757041506822
82.89250311586949 27.630834371956496 552.6166874391299 0.110523337487826 55.26166874391299
71.6537782453835 23.884592748461166 477.69185496922336 0.09553837099384467 47.76918549692233
73.29427334100563 24.431424447001877 488.6284889400376 0.09772569778800752 48.862848894003754
60.71943003928128 20.23981001309376 404.7962002618752 0.08095924005237504 40.47962002618752
129.87966392688534 43.29322130896178 865.8644261792357 0.17317288523584715 86.58644261792357
60.70000041899251 20.233333472997504 404.66666945995007 0.08093333389199002 40.46666694599501
57.25370699317227 19.08456899772409 381.6913799544818 0.07633827599089638 38.16913799544818
123.77787034123841 41.25929011374614 825.1858022749228 0.16503716045498457 82.51858022749228
78.49161887753517 26.16387295917839 523.2774591835678 0.10465549183671358 52.32774591835678
68.54314472509236 22.847714908364118 456.9542981672824 0.09139085963345649 45.695429816728236
64.03128137448086 21.343760458160286 426.8752091632057 0.08537504183264115 42.68752091632057
102.28585850331683 34.09528616777228 681.9057233554455 0.1363811446710891 68.19057233554456
97.52485085913099 32.50828361971033 650.1656723942067 0.13003313447884132 65.01656723942067
108.96628292299698 36.32209430766566 726.4418861533131 0.14528837723066265 72.64418861533132
99.54436682547832 33.18145560849277 663.6291121698554 0.1327258224339711 66.36291121698554
100.0890292514309 33.36300975047697 667.2601950095394 0.13345203900190789 66.72601950095394
103.21607740006179 34.40535913335393 688.1071826670786 0.13762143653341571 68.81071826670787
125.17368627604412 41.72456209201471 834.4912418402942 0.16689824836805883 83.44912418402942
80.39040465756932 26.796801552523107 535.9360310504621 0.10718720621009244 53.59360310504621
116.68500796380653 38.89500265460217 777.9000530920434 0.1555800106184087 77.79000530920435
65.80264982315123 21.934216607717076 438.6843321543415 0.08773686643086831 43.86843321543415
124.86534172118492 41.62178057372831 832.4356114745661 0.16648712229491325 83.24356114745662
121.4796975959276 40.49323253197587 809.8646506395174 0.16197293012790348 80.98646506395174
65.15393595263266 21.717978650877555 434.35957301755104 0.08687191460351022 43.43595730175511
108.45747777332119 36.15249259110706 723.0498518221412 0.14460997036442824 72.30498518221412
118.3318164258316 39.44393880861053 788.8787761722107 0.15777575523444215 78.88787761722106
122.92248864319038 40.97416288106346 819.4832576212692 0.16389665152425384 81.94832576212691
102.79374508508451 34.26458169502817 685.2916339005634 0.13705832678011268 68.52916339005634
114.32946822640217 38.10982274213406 762.1964548426812 0.15243929096853626 76.21964548426811
82.8139652060989 27.604655068699635 552.0931013739927 0.11041862027479854 55.20931013739927
127.69972717918009 42.56657572639336 851.3315145278673 0.17026630290557346 85.13315145278672
100.28030150335292 33.426767167784305 668.5353433556861 0.1337070686711372 66.85353433556861
77.41568425046415 25.805228083488053 516.1045616697611 0.10322091233395221 51.61045616697611
63.35924225496837 21.119747418322792 422.3949483664558 0.08447898967329116 42.239494836645584
92.81390800504654 30.937969335015513 618.7593867003103 0.12375187734006206 61.875938670031026
85.20679286191873 28.402264287306245 568.0452857461249 0.11360905714922498 56.80452857461249
74.08024034038506 24.693413446795017 493.86826893590035 0.09877365378718007 49.38682689359003
72.23747819996726 24.079159399989088 481.5831879997817 0.09631663759995635 48.158318799978176
121.3770982848857 40.45903276162856 809.1806552325713 0.1618361310465143 80.91806552325713
58.23461009041831 19.411536696806102 388.2307339361221 0.07764614678722442 38.823073393612205
69.21758383712044 23.072527945706817 461.4505589141363 0.09229011178282727 46.145055891413634
90.65373462858058 30.217911542860193 604.3582308572038 0.12087164617144078 60.435823085720386
91.44776240339621 30.482587467798737 609.6517493559747 0.12193034987119496 60.965174935597474
69.80968220084458 23.26989406694819 465.3978813389638 0.09307957626779277 46.53978813389638
79.33418754419239 26.444729181397463 528.8945836279493 0.10577891672558987 52.889458362794926
108.01445652182667 36.00481884060889 720.0963768121778 0.14401927536243558 72.00963768121778
64.37625899724354 21.45875299908118 429.1750599816236 0.08583501199632472 42.91750599816236
112.46362362530456 37.48787454176819 749.7574908353638 0.14995149816707276 74.97574908353639
119.19277704870692 39.73092568290231 794.6185136580461 0.15892370273160925 79.46185136580462
105.3654017686153 35.12180058953843 702.4360117907686 0.14048720235815373 70.24360117907686
110.96084518735229 36.9869483957841 739.738967915682 0.1479477935831364 73.9738967915682
78.12827987038517 26.04275995679506 520.8551991359012 0.10417103982718023 52.08551991359012
84.1271067331429 28.04236891104763 560.8473782209527 0.11216947564419054 56.08473782209526
125.8259182623652 41.941972754121736 838.8394550824347 0.16776789101648695 83.88394550824347
82.85178427494148 27.617261424980494 552.3452284996099 0.11046904569992198 55.23452284996099
126.64514350347541 42.215047834491806 844.3009566898361 0.16886019133796723 84.43009566898361
91.69289385543131 30.56429795181044 611.2859590362087 0.12225719180724176 61.12859590362088
100.89391660298011 33.63130553432671 672.6261106865342 0.13452522213730683 67.26261106865341
79.37063775224233 26.456879250747445 529.1375850149489 0.10582751700298978 52.91375850149489
110.74780728423876 36.915935761412925 738.3187152282584 0.1476637430456517 73.83187152282585
98.97190419749984 32.99063473249995 659.8126946499989 0.1319625389299998 65.9812694649999
92.38946190037257 30.796487300124188 615.9297460024837 0.12318594920049675 61.592974600248375
91.23507847574305 30.411692825247684 608.2338565049537 0.12164677130099073 60.82338565049537
104.23605421283561 34.74535140427854 694.9070280855707 0.13898140561711414 69.49070280855707
125.59128187574244 41.86376062524748 837.2752125049496 0.16745504250098994 83.72752125049496
90.54218995814786 30.180729986049286 603.6145997209858 0.12072291994419715 60.36145997209857
117.59652220026041 39.198840733420134 783.9768146684028 0.15679536293368057 78.39768146684027
58.844369914096355 19.61478997136545 392.295799427309 0.07845915988546182 39.2295799427309
72.35910820188369 24.119702733961226 482.39405467922455 0.09647881093584491 48.23940546792245
104.30883620271396 34.76961206757132 695.3922413514264 0.1390784482702853 69.53922413514265
126.30865895796529 42.10288631932176 842.0577263864353 0.16841154527728708 84.20577263864352
96.43556758602844 32.145189195342816 642.9037839068563 0.12858075678137126 64.29037839068563
81.34976498454277 27.116588328180924 542.3317665636184 0.1084663533127237 54.23317665636185
65.43193723767301 21.810645745891 436.21291491782006 0.08724258298356402 43.621291491782
59.44943093653957 19.816476978846524 396.3295395769305 0.0792659079153861 39.63295395769305
126.62192911876984 42.20730970625661 844.1461941251323 0.16882923882502646 84.41461941251322
85.2990591301868 28.43301971006227 568.6603942012454 0.11373207884024908 56.86603942012454
68.01936789702465 22.67312263234155 453.46245264683097 0.0906924905293662 45.3462452646831
76.81724008946952 25.605746696489838 512.1149339297967 0.10242298678595936 51.211493392979676
65.73166611938808 21.910555373129363 438.2111074625872 0.08764222149251745 43.821110746258725
92.28919648637905 30.763065495459685 615.2613099091936 0.12305226198183875 61.52613099091937
105.53660997779298 35.17886999259766 703.5773998519533 0.14071547997039066 70.35773998519532
79.41418116943595 26.471393723145315 529.4278744629063 0.10588557489258127 52.94278744629063
96.19770433506216 32.065901445020714 641.3180289004143 0.12826360578008286 64.13180289004143
120.91750875022078 40.30583625007359 806.1167250014718 0.16122334500029437 80.61167250014718
72.05977843890506 24.01992614630169 480.39852292603376 0.09607970458520676 48.03985229260338
62.81484397970498 20.93828132656833 418.76562653136654 0.08375312530627332 41.87656265313666
70.94870941555367 23.649569805184555 472.9913961036911 0.09459827922073823 47.29913961036911
66.45053687115922 22.150178957053072 443.00357914106144 0.08860071582821229 44.300357914106144
114.43718630242505 38.14572876747502 762.9145753495004 0.15258291506990007 76.29145753495004
91.79866433211525 30.59955477737175 611.9910955474351 0.122398219109487 61.1991095547435
60.22897038587844 20.07632346195948 401.5264692391896 0.08030529384783792 40.15264692391896
114.86634366791627 38.288781222638754 765.7756244527751 0.15315512489055505 76.57756244527751
106.6507974226273 35.55026580754244 711.0053161508487 0.14220106323016976 71.10053161508488
112.69715000111165 37.56571666703722 751.3143333407444 0.1502628666681489 75.13143333407444
108.46416138062744 36.15472046020915 723.094409204183 0.1446188818408366 72.3094409204183
129.18315180414 43.06105060138 861.2210120276001 0.17224420240552002 86.12210120276
92.15624528886738 30.71874842962246 614.3749685924492 0.12287499371848985 61.43749685924492
103.57415906959372 34.524719689864575 690.4943937972915 0.1380988787594583 69.04943937972915
91.32421382288743 30.441404607629142 608.8280921525828 0.12176561843051657 60.882809215258284
111.06115390822929 37.02038463607643 740.4076927215286 0.14808153854430572 74.04076927215286
129.31108439935863 43.103694799786204 862.0738959957241 0.17241477919914483 86.20738959957241
129.61831109180264 43.20610369726755 864.122073945351 0.1728244147890702 86.4122073945351
88.01242179065774 29.33747393021925 586.749478604385 0.117349895720877 58.6749478604385
115.3470776903339 38.44902589677797 768.9805179355593 0.15379610358711188 76.89805179355594
79.17584217705082 26.391947392350275 527.8389478470054 0.1055677895694011 52.78389478470055
121.98095066057579 40.660316886858595 813.2063377371719 0.16264126754743438 81.32063377371719
86.03162479389653 28.677208264632174 573.5441652926435 0.1147088330585287 57.35441652926435
66.0073588986057 22.0024529662019 440.04905932403796 0.08800981186480761 44.0049059324038
68.99090185590562 22.99696728530187 459.93934570603744 0.09198786914120749 45.99393457060374
107.74144275910332 35.913814253034445 718.2762850606889 0.14365525701213777 71.82762850606889
65.24371482918671 21.747904943062238 434.95809886124476 0.08699161977224895 43.495809886124476
63.765945435937596 21.25531514531253 425.1063029062506 0.08502126058125013 42.51063029062506
123.49460775726908 41.164869252423024 823.2973850484605 0.1646594770096921 82.32973850484605
111.72350037253102 37.24116679084367 744.8233358168734 0.1489646671633747 74.48233358168734
64.94788667586911 21.649295558623038 432.98591117246076 0.08659718223449216 43.298591117246076
63.726620174060805 21.242206724686934 424.8441344937387 0.08496882689874774 42.48441344937387
129.95402373710178 43.31800791236726 866.3601582473451 0.17327203164946903 86.63601582473451
127.52201333466141 42.507337778220474 850.1467555644094 0.1700293511128819 85.01467555644095
121.95602547496034 40.65200849165345 813.040169833069 0.1626080339666138 81.3040169833069
85.3173058353758 28.439101945125266 568.7820389025053 0.11375640778050107 56.87820389025053
116.32957489939524 38.77652496646508 775.5304993293016 0.15510609986586033 77.55304993293016
65.32935376608187 21.776451255360623 435.5290251072125 0.0871058050214425 43.552902510721246
104.24023716977996 34.746745723259984 694.9349144651998 0.13898698289303996 69.49349144651997
72.04525028575894 24.015083428586312 480.3016685717262 0.09606033371434525 48.030166857172624
125.38834852813804 41.79611617604601 835.9223235209203 0.16718446470418405 83.59223235209203
127.97333972432429 42.6577799081081 853.1555981621619 0.17063111963243238 85.3155598162162
128.6680279596371 42.88934265321237 857.7868530642473 0.17155737061284948 85.77868530642473
94.7970477653564 31.599015921785465 631.9803184357094 0.12639606368714187 63.19803184357093
110.81818517457029 36.939395058190094 738.7879011638018 0.1477575802327604 73.87879011638019
118.99605212250543 39.665350707501815 793.3070141500363 0.15866140283000726 79.33070141500363
67.62476142185646 22.54158714061882 450.8317428123764 0.09016634856247528 45.08317428123764
114.75633885024573 38.25211295008191 765.0422590016382 0.15300845180032763 76.50422590016382
114.47566048803057 38.15855349601019 763.1710699202038 0.15263421398404076 76.31710699202038
72.61345017231716 24.204483390772385 484.0896678154477 0.09681793356308954 48.40896678154477
92.95098879268974 30.983662930896582 619.6732586179317 0.12393465172358634 61.967325861793164
65.44466770195604 21.814889233985348 436.2977846797069 0.0872595569359414 43.629778467970695
106.82594779872639 35.60864926624213 712.1729853248427 0.14243459706496853 71.21729853248426
65.00021086471143 21.66673695490381 433.3347390980762 0.08666694781961526 43.33347390980762
76.59390148447888 25.531300494826294 510.62600989652583 0.10212520197930518 51.06260098965259
102.91731695588298 34.30577231862766 686.1154463725532 0.13722308927451063 68.61154463725532
60.401051077628466 20.13368369254282 402.67367385085646 0.0805347347701713 40.26736738508564
94.54245625683471 31.51415208561157 630.2830417122314 0.12605660834244628 63.02830417122314
90.68761260145894 30.229204200486315 604.5840840097263 0.12091681680194527 60.45840840097263
58.76606330194556 19.588687767315186 391.7737553463037 0.07835475106926075 39.17737553463037
103.71521893635664 34.57173964545221 691.4347929090442 0.13828695858180884 69.14347929090442
105.49302970429355 35.164343234764516 703.2868646952903 0.14065737293905808 70.32868646952903
125.43612759386197 41.812042531287325 836.2408506257465 0.1672481701251493 83.62408506257465
87.29467918725815 29.098226395752718 581.9645279150544 0.11639290558301088 58.196452791505436
70.53242573316827 23.510808577722756 470.2161715544551 0.09404323431089102 47.02161715544551
74.84973754609562 24.94991251536521 498.99825030730415 0.09979965006146084 49.89982503073042
71.1758015488889 23.725267182962963 474.50534365925927 0.09490106873185186 47.450534365925925
126.04060341764534 42.01353447254845 840.2706894509689 0.1680541378901938 84.0270689450969
116.68056409440346 38.89352136480115 777.8704272960231 0.15557408545920462 77.7870427296023
61.25643135383495 20.418810451278315 408.3762090255663 0.08167524180511326 40.83762090255663
116.34077401797775 38.780258005992586 775.6051601198517 0.15512103202397035 77.56051601198517
62.71757721980223 20.90585907326741 418.1171814653482 0.08362343629306965 41.81171814653482
98.75059741170085 32.916865803900286 658.3373160780058 0.13166746321560116 65.83373160780057
77.30009286663731 25.766697622212437 515.3339524442488 0.10306679048884976 51.533395244424874
70.74528372465197 23.581761241550655 471.6352248310131 0.09432704496620263 47.16352248310131
121.64917913775182 40.54972637925061 810.9945275850121 0.16219890551700245 81.09945275850122
96.00619120245159 32.00206373415053 640.0412746830107 0.12800825493660214 64.00412746830106
117.74404045167857 39.248013483892855 784.9602696778571 0.15699205393557145 78.49602696778571
108.63095868854529 36.21031956284843 724.2063912569686 0.14484127825139373 72.42063912569687
123.85200927452978 41.28400309150992 825.6800618301985 0.1651360123660397 82.56800618301985
108.66041608752012 36.220138695840035 724.4027739168007 0.14488055478336015 72.44027739168007
80.99811746821007 26.999372489403356 539.9874497880671 0.10799748995761344 53.99874497880671
113.30509188927003 37.76836396309001 755.3672792618003 0.15107345585236007 75.53672792618002
87.1099597249544 29.036653241651468 580.7330648330293 0.11614661296660587 58.073306483302936
82.35090313925922 27.45030104641974 549.0060209283948 0.10980120418567896 54.90060209283948
59.48125485890406 19.82708495296802 396.5416990593604 0.07930833981187208 39.65416990593604
69.91761228108275 23.305870760360918 466.1174152072184 0.09322348304144368 46.611741520721836
65.65731435599311 21.885771451997705 437.7154290399541 0.08754308580799082 43.77154290399541
65.16341048020928 21.721136826736426 434.42273653472853 0.08688454730694571 43.44227365347285
96.47999412345402 32.15999804115134 643.1999608230268 0.12863999216460537 64.31999608230268
69.98986864230068 23.32995621410023 466.59912428200454 0.09331982485640092 46.65991242820046
83.45856642468769 27.819522141562565 556.3904428312512 0.11127808856625027 55.63904428312513
124.9160399792131 41.63867999307103 832.7735998614206 0.16655471997228413 83.27735998614206
112.64857906620584 37.549526355401944 750.9905271080389 0.1501981054216078 75.09905271080389
85.71754545633777 28.572515152112594 571.4503030422519 0.11429006060845037 57.14503030422519
90.53671400355174 30.17890466785058 603.5780933570117 0.12071561867140233 60.35780933570116
115.62241186879545 38.54080395626515 770.8160791253031 0.15416321582506062 77.0816079125303
119.43195129998952 39.81065043332984 796.2130086665968 0.1592426017333194 79.62130086665968
68.82293971985392 22.940979906617972 458.81959813235943 0.0917639196264719 45.881959813235945
93.35939080980545 31.11979693660182 622.3959387320364 0.12447918774640727 62.23959387320364
108.10190162825756 36.03396720941919 720.6793441883838 0.14413586883767676 72.06793441883838
84.4224891930143 28.140829731004768 562.8165946200953 0.11256331892401908 56.281659462009536
127.82852795929168 42.609509319763895 852.1901863952779 0.1704380372790556 85.21901863952779
102.9435819805775 34.31452732685917 686.2905465371833 0.13725810930743668 68.62905465371834
65.59862230278982 21.86620743426327 437.3241486852654 0.08746482973705309 43.73241486852654
69.98456917878799 23.328189726262664 466.56379452525334 0.09331275890505067 46.65637945252533
114.06415105028223 38.02138368342741 760.4276736685482 0.15208553473370967 76.04276736685482
108.08476337120521 36.02825445706841 720.565089141368 0.14411301782827363 72.05650891413681
101.00808591888942 33.66936197296314 673.3872394592628 0.13467744789185257 67.33872394592628
106.39800322810929 35.46600107603643 709.3200215207286 0.14186400430414572 70.93200215207285
75.50437143272411 25.16812381090804 503.3624762181608 0.10067249524363216 50.33624762181608
115.95519748394851 38.65173249464951 773.03464989299 0.15460692997859804 77.30346498929902
122.89160656409405 40.96386885469801 819.2773770939604 0.16385547541879208 81.92773770939603
109.28218274489902 36.42739424829967 728.5478849659934 0.1457095769931987 72.85478849659934
68.66042636073496 22.886808786911654 457.73617573823304 0.09154723514764662 45.77361757382331
83.24871410661612 27.74957136887204 554.9914273774408 0.11099828547548816 55.49914273774408
62.88324121567196 20.961080405223985 419.22160810447974 0.08384432162089595 41.92216081044797
83.16721090664213 27.722403635547376 554.4480727109475 0.11088961454218951 55.44480727109475
102.22295443754045 34.07431814584682 681.4863629169363 0.13629727258338728 68.14863629169363
113.07568297381381 37.691894324604604 753.837886492092 0.15076757729841841 75.38378864920921
102.3626662789958 34.12088875966527 682.4177751933054 0.13648355503866108 68.24177751933054
93.77658563493607 31.258861878312022 625.1772375662405 0.1250354475132481 62.517723756624044
121.96701358253601 40.65567119417867 813.1134238835734 0.1626226847767147 81.31134238835735
65.93201349497848 21.97733783165949 439.54675663318983 0.08790935132663796 43.95467566331898
81.37968257069899 27.126560856899662 542.5312171379933 0.10850624342759865 54.253121713799324
65.87795866576386 21.959319555254616 439.18639110509235 0.08783727822101847 43.91863911050923
59.590184330816214 19.86339477693874 397.2678955387748 0.07945357910775497 39.72678955387748
127.2798414140523 42.4266138046841 848.532276093682 0.1697064552187364 84.8532276093682
77.77206715233064 25.924022384110213 518.4804476822043 0.10369608953644086 51.848044768220426
96.44425770410027 32.148085901366755 642.9617180273351 0.12859234360546704 64.29617180273351
83.65739305308912 27.88579768436304 557.7159536872608 0.11154319073745217 55.77159536872608
64.58524175535673 21.528413918452245 430.5682783690449 0.08611365567380898 43.05682783690449
89.21834980510054 29.739449935033512 594.7889987006703 0.11895779974013405 59.478899870067025
114.34692563358848 38.11564187786283 762.3128375572566 0.15246256751145132 76.23128375572566
108.67284399325122 36.22428133108374 724.4856266216748 0.14489712532433496 72.44856266216748
118.05962140429213 39.35320713476405 787.0641426952809 0.1574128285390562 78.7064142695281
85.61059281045868 28.536864270152897 570.7372854030579 0.11414745708061158 57.073728540305794
117.87633061422176 39.29211020474059 785.8422040948118 0.15716844081896236 78.58422040948118
63.48981520347568 21.163271734491893 423.26543468983783 0.08465308693796758 42.326543468983786
76.84658427730494 25.61552809243498 512.3105618486996 0.10246211236973993 51.23105618486996
123.61957834896958 41.2065261163232 824.1305223264638 0.16482610446529278 82.4130522326464
105.05129112283136 35.01709704094378 700.3419408188757 0.14006838816377515 70.03419408188756
67.80330520473571 22.601101734911904 452.02203469823803 0.09040440693964762 45.20220346982381
70.98493225823022 23.661644086076738 473.2328817215348 0.09464657634430695 47.323288172153475
104.65589343116591 34.885297810388636 697.7059562077727 0.13954119124155456 69.77059562077727
128.94052502267522 42.98017500755841 859.6035001511682 0.17192070003023363 85.96035001511682
90.34842452443687 30.11614150814562 602.3228301629124 0.12046456603258249 60.23228301629124
109.16108044626479 36.3870268154216 727.740536308432 0.1455481072616864 72.7740536308432
111.60513495250497 37.20171165083499 744.0342330166998 0.14880684660333995 74.40342330166997
111.07322343712217 37.02440781237406 740.4881562474811 0.14809763124949624 74.04881562474812
64.64907509990881 21.549691699969607 430.9938339993921 0.08619876679987842 43.099383399939214
88.04051124582077 29.346837081940258 586.9367416388052 0.11738734832776104 58.693674163880516
128.7340931476483 42.911364382549436 858.2272876509886 0.17164545753019775 85.82272876509887
105.46424629276582 35.154748764255274 703.0949752851054 0.1406189950570211 70.30949752851055
67.72697270389831 22.575657567966104 451.5131513593221 0.09030263027186441 45.15131513593221
115.83805001421231 38.61268333807077 772.2536667614154 0.1544507333522831 77.22536667614153
58.027010893697884 19.342336964565963 386.84673929131924 0.07736934785826385 38.684673929131925
123.82141337186786 41.27380445728929 825.4760891457857 0.16509521782915715 82.54760891457857
74.09014129739845 24.696713765799483 493.9342753159897 0.09878685506319794 49.39342753159897
105.75057231838957 35.25019077279652 705.0038154559305 0.14100076309118612 70.50038154559304
93.91712161072049 31.305707203573498 626.1141440714699 0.125222828814294 62.611414407146995
109.13810303908681 36.379367679695605 727.5873535939121 0.14551747071878243 72.75873535939121
56.573041407148544 18.857680469049516 377.1536093809903 0.07543072187619806 37.71536093809903
103.93339685824921 34.6444656194164 692.8893123883281 0.13857786247766563 69.2889312388328
106.92842311897653 35.642807706325506 712.8561541265102 0.14257123082530204 71.28561541265101
80.10386601265272 26.70128867088424 534.0257734176847 0.10680515468353696 53.40257734176848
67.19708381100347 22.399027937001158 447.9805587400231 0.08959611174800464 44.798055874002316
96.85296479753896 32.284321599179655 645.6864319835931 0.12913728639671862 64.56864319835931
115.13625660694278 38.37875220231426 767.5750440462851 0.15351500880925706 76.75750440462852
112.5890214586066 37.52967381953553 750.5934763907106 0.15011869527814214 75.05934763907106
70.16078150438439 23.38692716812813 467.7385433625626 0.09354770867251253 46.77385433625626
69.09354165823898 23.031180552746328 460.6236110549265 0.09212472221098532 46.062361105492656
115.5925030898848 38.530834363294936 770.6166872658987 0.15412333745317974 77.06166872658987
126.87615353768905 42.29205117922968 845.8410235845937 0.16916820471691874 84.58410235845936
115.35292660082371 38.4509755336079 769.019510672158 0.15380390213443162 76.9019510672158
130.03453726049378 43.34484575349793 866.8969150699586 0.17337938301399172 86.68969150699586
80.94232355903426 26.980774519678086 539.6154903935617 0.10792309807871235 53.96154903935617
110.32221026149614 36.77407008716538 735.4814017433075 0.1470962803486615 73.54814017433075
84.41012442072774 28.13670814024258 562.7341628048515 0.11254683256097031 56.27341628048516
121.24765483771296 40.41588494590432 808.3176989180863 0.16166353978361728 80.83176989180863
124.38412880135166 41.461376267117224 829.2275253423445 0.1658455050684689 82.92275253423445
99.7393800664739 33.24646002215796 664.9292004431593 0.13298584008863187 66.49292004431592
112.31170301932735 37.437234339775785 748.7446867955157 0.14974893735910313 74.87446867955157
130.98944683741814 43.66314894580605 873.262978916121 0.17465259578322423 87.3262978916121
73.89303712988489 24.6310123766283 492.62024753256594 0.0985240495065132 49.2620247532566
100.98116535746729 33.6603884524891 673.207769049782 0.1346415538099564 67.3207769049782
85.82043050391123 28.60681016797041 572.1362033594082 0.11442724067188165 57.21362033594082
127.78496868002973 42.59498956000991 851.8997912001983 0.17037995824003965 85.18997912001981
124.24039147929119 41.413463826430394 828.269276528608 0.1656538553057216 82.82692765286079
60.012056232022786 20.004018744007595 400.0803748801519 0.08001607497603039 40.00803748801519
70.73667839430345 23.578892798101155 471.5778559620231 0.09431557119240462 47.15778559620231
106.81212088801773 35.60404029600591 712.0808059201182 0.14241616118402364 71.20808059201183
102.79794360878618 34.26598120292873 685.3196240585746 0.13706392481171492 68.53196240585746
70.12496631766535 23.37498877255512 467.4997754511024 0.09349995509022048 46.74997754511024
72.93654964251104 24.312183214170346 486.24366428340693 0.0972487328566814 48.62436642834069
95.60382040623962 31.867940135413207 637.3588027082642 0.12747176054165285 63.735880270826414
92.41513286531608 30.805044288438694 616.1008857687739 0.12322017715375477 61.61008857687739
78.95009149173328 26.31669716391109 526.3339432782218 0.10526678865564437 52.63339432782218
93.5112380900956 31.170412696698534 623.4082539339707 0.12468165078679415 62.34082539339707
114.48659171518301 38.162197238394334 763.2439447678867 0.15264878895357736 76.32439447678867
126.80143868411567 42.267146228038555 845.342924560771 0.16906858491215424 84.53429245607711
121.47204315080882 40.49068105026961 809.8136210053921 0.16196272420107843 80.98136210053922
96.01525623595694 32.00508541198565 640.1017082397129 0.1280203416479426 64.0101708239713
57.16920903819199 19.056403012730662 381.1280602546133 0.07622561205092265 38.112806025461325
85.83306527166586 28.611021757221955 572.2204351444391 0.11444408702888782 57.22204351444391
101.43916723309398 33.81305574436466 676.2611148872933 0.13525222297745865 67.62611148872932
113.86537255439958 37.95512418479986 759.1024836959972 0.15182049673919945 75.91024836959971
97.98393642869773 32.66131214289925 653.226242857985 0.13064524857159698 65.3226242857985
95.03433325093353 31.67811108364451 633.5622216728902 0.12671244433457804 63.35622216728902
98.30966932517488 32.76988977505829 655.3977955011659 0.13107955910023317 65.53977955011658
63.310039895926494 21.103346631975498 422.06693263950996 0.08441338652790199 42.206693263950996
119.465532920763 39.821844306921 796.43688613842 0.15928737722768402 79.643688613842
125.15888740359699 41.71962913453233 834.3925826906467 0.16687851653812935 83.43925826906467
65.23364336873082 21.74454778957694 434.89095579153883 0.08697819115830777 43.48909557915388
117.11074925183426 39.03691641727809 780.7383283455617 0.15614766566911237 78.07383283455619
112.22950406001408 37.40983468667136 748.1966937334272 0.14963933874668545 74.81966937334272
119.31442118236566 39.771473727455216 795.4294745491044 0.1590858949098209 79.54294745491043
80.5183791328971 26.839459710965695 536.7891942193139 0.1073578388438628 53.67891942193139
111.14220112810202 37.047400376034005 740.9480075206801 0.14818960150413604 74.09480075206801
78.48126446344497 26.16042148781499 523.2084297562998 0.10464168595125996 52.32084297562998
71.43692880769748 23.81230960256583 476.2461920513166 0.09524923841026332 47.62461920513166
95.56628550512882 31.855428501709603 637.1085700341921 0.1274217140068384 63.71085700341921
75.52733819556241 25.175779398520802 503.51558797041605 0.10070311759408322 50.351558797041605
120.95169948028528 40.31723316009509 806.3446632019019 0.1612689326403804 80.63446632019019
91.12653009513426 30.375510031711418 607.5102006342283 0.12150204012684568 60.751020063422835
86.41053124176821 28.80351041392274 576.0702082784547 0.11521404165569096 57.60702082784548
103.67624287338789 34.55874762446263 691.1749524892526 0.13823499049785054 69.11749524892527
120.61225076812305 40.20408358937435 804.081671787487 0.16081633435749743 80.4081671787487
90.90673091423109 30.30224363807703 606.0448727615407 0.12120897455230813 60.60448727615406
88.7029771141853 29.567659038061766 591.3531807612353 0.11827063615224707 59.13531807612353
121.69455247969891 40.56485082656631 811.2970165313261 0.16225940330626523 81.12970165313261
74.1740045462773 24.724668182092437 494.4933636418487 0.09889867272836975 49.44933636418487
97.86252636071035 32.62084212023678 652.4168424047356 0.13048336848094713 65.24168424047356
102.33223720637528 34.11074573545842 682.2149147091685 0.1364429829418337 68.22149147091685
72.06750324601153 24.022501082003842 480.45002164007684 0.09609000432801537 48.045002164007684
101.12038943896466 33.70679647965489 674.1359295930978 0.13482718591861956 67.41359295930978
72.35008020937416 24.116693403124717 482.33386806249433 0.09646677361249888 48.233386806249435
116.766670823114 38.922223607704666 778.4444721540933 0.15568889443081868 77.84444721540933
79.30987331775147 26.43662443925049 528.7324887850098 0.10574649775700196 52.87324887850098
89.86196299924714 29.953987666415717 599.0797533283143 0.11981595066566286 59.907975332831434
87.05173136432721 29.01724378810907 580.3448757621815 0.11606897515243629 58.03448757621814
81.72788516566311 27.24262838855437 544.8525677710874 0.10897051355421748 54.48525677710874
121.40002314157341 40.466674380524466 809.3334876104894 0.1618666975220979 80.93334876104893
83.53436209451786 27.844787364839284 556.8957472967857 0.11137914945935715 55.68957472967857
130.07493112150766 43.35831037383589 867.1662074767178 0.17343324149534356 86.71662074767178
104.90478069102326 34.96826023034109 699.3652046068217 0.13987304092136435 69.93652046068217
114.28794166519243 38.095980555064145 761.919611101283 0.1523839222202566 76.19196111012829
57.986868214731516 19.32895607157717 386.57912143154346 0.07731582428630869 38.65791214315434
96.06222305729617 32.02074101909872 640.4148203819744 0.12808296407639488 64.04148203819744
99.11645458821845 33.03881819607282 660.7763639214563 0.13215527278429126 66.07763639214564
77.58259349367623 25.860864497892077 517.2172899578416 0.10344345799156832 51.721728995784154
117.62918549502184 39.20972849834061 784.1945699668122 0.15683891399336247 78.41945699668122
69.39170901171835 23.130569670572783 462.6113934114557 0.09252227868229114 46.261139341145565
100.6242332661075 33.5414110887025 670.82822177405 0.13416564435481002 67.082822177405
87.68306860880656 29.22768953626885 584.5537907253771 0.11691075814507541 58.4553790725377
104.01783618364351 34.6726120612145 693.4522412242901 0.13869044824485802 69.345224122429
58.50350159781226 19.501167199270753 390.02334398541507 0.07800466879708301 39.00233439854151
113.17886626220908 37.72628875406969 754.5257750813938 0.15090515501627877 75.45257750813938
65.12097082305634 21.706990274352115 434.1398054870423 0.08682796109740847 43.41398054870423
102.37126112864513 34.123753709548375 682.4750741909676 0.1364950148381935 68.24750741909675
60.187444822509924 20.062481607503308 401.24963215006613 0.08024992643001323 40.124963215006616
73.868412260594 24.622804086864665 492.45608173729335 0.09849121634745867 49.24560817372933
85.7281348662492 28.576044955416403 571.5208991083281 0.11430417982166562 57.15208991083281
67.60402014522083 22.534673381740276 450.6934676348055 0.0901386935269611 45.06934676348055
92.3109668623952 30.770322287465067 615.4064457493014 0.12308128914986027 61.540644574930134
86.90556395006384 28.968521316687944 579.3704263337589 0.11587408526675179 57.93704263337589
75.43421647492498 25.144738824974993 502.89477649949987 0.10057895529989998 50.28947764994999
73.96566584705452 24.655221949018173 493.1044389803635 0.0986208877960727 49.31044389803635
57.953217805039436 19.31773926834648 386.3547853669296 0.07727095707338592 38.63547853669296
80.16018837408812 26.720062791362707 534.4012558272542 0.10688025116545084 53.440125582725415
121.03286678245314 40.34428892748438 806.8857785496875 0.16137715570993752 80.68857785496876
70.95866098688772 23.652886995629242 473.0577399125848 0.09461154798251697 47.305773991258484
93.24269500505538 31.08089833501846 621.6179667003692 0.12432359334007384 62.16179667003692
106.50356017016325 35.501186723387754 710.023734467755 0.142004746893551 71.00237344677551
129.13313533619106 43.04437844539702 860.8875689079405 0.1721775137815881 86.08875689079404
77.89239959802373 25.964133199341244 519.2826639868249 0.10385653279736498 51.92826639868249
105.37038525976408 35.123461753254695 702.4692350650938 0.14049384701301879 70.24692350650939
62.885287542645635 20.961762514215213 419.23525028430424 0.08384705005686086 41.923525028430426
92.7344295502602 30.9114765167534 618.229530335068 0.1236459060670136 61.8229530335068
70.20670021551621 23.40223340517207 468.0446681034414 0.09360893362068828 46.80446681034414
101.26898028651777 33.75632676217259 675.1265352434518 0.13502530704869037 67.51265352434518
84.51216543616245 28.17072181205415 563.414436241083 0.11268288724821661 56.3414436241083
104.42877557500194 34.809591858333974 696.1918371666795 0.13923836743333592 69.61918371666795
77.56829093596902 25.85609697865634 517.1219395731268 0.10342438791462537 51.71219395731268
66.3110483299292 22.10368277664307 442.0736555328614 0.08841473110657228 44.20736555328614
89.54017852713756 29.84672617571252 596.9345235142504 0.11938690470285007 59.69345235142504
62.14332783588415 20.714442611961385 414.28885223922765 0.08285777044784554 41.42888522392277
126.70766805533586 42.235889351778624 844.7177870355724 0.1689435574071145 84.47177870355725
76.08509302901321 25.361697676337734 507.2339535267547 0.10144679070535095 50.72339535267547
76.3266116232675 25.442203874422496 508.84407748844995 0.10176881549769 50.88440774884499
122.58897245858982 40.86299081952994 817.2598163905989 0.16345196327811978 81.72598163905988
71.02130709176583 23.67376903058861 473.4753806117722 0.09469507612235445 47.34753806117722
62.85822775364118 20.95274258454706 419.0548516909412 0.08381097033818824 41.90548516909412
110.51873702979184 36.83957900993061 736.7915801986122 0.14735831603972246 73.67915801986122
94.17758079987745 31.39252693329248 627.8505386658496 0.12557010773316993 62.78505386658496
79.11559191716447 26.371863972388155 527.4372794477631 0.10548745588955262 52.74372794477631
61.72775512296301 20.575918374321002 411.51836748642006 0.08230367349728401 41.151836748642005
83.07878376294491 27.692927920981635 553.8585584196327 0.11077171168392655 55.38585584196327
75.11088382202199 25.03696127400733 500.7392254801466 0.10014784509602932 50.07392254801466
80.71396313600444 26.90465437866815 538.0930875733629 0.1076186175146726 53.8093087573363
129.701243876233 43.23374795874434 864.6749591748868 0.17293499183497738 86.46749591748868
72.76186445850914 24.253954819503047 485.0790963900609 0.09701581927801219 48.507909639006094
58.628118667105 19.542706222368334 390.85412444736664 0.07817082488947334 39.08541244473667
90.68759141434498 30.229197138114994 604.5839427622999 0.12091678855245998 60.45839427622999
89.02576550087947 29.675255166959825 593.5051033391965 0.1187010206678393 59.35051033391965
107.57430949214032 35.858103164046774 717.1620632809355 0.14343241265618709 71.71620632809355
121.0275119785065 40.342503992835496 806.85007985671 0.161370015971342 80.68500798567099
75.40256863513564 25.13418954504521 502.6837909009042 0.10053675818018085 50.26837909009042
94.01171839051831 31.337239463506105 626.7447892701222 0.12534895785402442 62.67447892701221
114.34432802732682 38.114776009108944 762.2955201821788 0.15245910403643578 76.22955201821789
104.04840304039155 34.68280101346385 693.656020269277 0.1387312040538554 69.3656020269277
115.10293813887984 38.36764604629328 767.3529209258656 0.15347058418517312 76.73529209258656
83.3652719756662 27.788423991888735 555.7684798377746 0.11115369596755494 55.57684798377747
123.7351774313828 41.245059143794265 824.9011828758853 0.16498023657517707 82.49011828758853
101.51614790918751 33.83871596972917 676.7743193945835 0.13535486387891668 67.67743193945834
126.66900577587084 42.22300192529028 844.4600385058056 0.16889200770116114 84.44600385058057
107.65572172269941 35.88524057423314 717.7048114846627 0.14354096229693256 71.77048114846627
59.82298522520364 19.94099507506788 398.8199015013576 0.07976398030027153 39.88199015013576
60.81121531737748 20.270405105792495 405.4081021158499 0.08108162042316998 40.54081021158499
92.80425475505152 30.934751585017175 618.6950317003434 0.1237390063400687 61.86950317003435
64.00014588676356 21.33338196225452 426.6676392450904 0.0853335278490181 42.66676392450904
88.7471454525155 29.582381817505166 591.6476363501033 0.11832952727002066 59.16476363501033
112.72674537533344 37.575581791777815 751.5116358355563 0.15030232716711125 75.15116358355563
71.51178797436523 23.837262658121745 476.7452531624349 0.09534905063248698 47.67452531624349
102.34750197171206 34.115833990570685 682.3166798114138 0.13646333596228274 68.23166798114137
79.92066772340168 26.640222574467227 532.8044514893445 0.10656089029786892 53.280445148934454
98.62558355401784 32.87519451800595 657.5038903601189 0.1315007780720238 65.7503890360119
83.62259977278826 27.874199924262754 557.4839984852551 0.11149679969705102 55.74839984852551
114.88793192320044 38.29597730773348 765.9195461546697 0.15318390923093395 76.59195461546696
70.86113413855142 23.620378046183806 472.40756092367616 0.09448151218473523 47.24075609236761
71.49815911447057 23.832719704823525 476.65439409647047 0.0953308788192941 47.66543940964705
71.13309462192852 23.71103154064284 474.2206308128568 0.09484412616257137 47.42206308128568
57.100263999211876 19.033421333070624 380.66842666141247 0.0761336853322825 38.06684266614125
122.869890547606 40.956630182535335 819.1326036507068 0.16382652073014137 81.91326036507067
107.55683516136251 35.85227838712084 717.0455677424168 0.14340911354848337 71.70455677424168
85.19813323342483 28.39937774447494 567.9875548894988 0.11359751097789977 56.79875548894988
75.78183347855253 25.26061115951751 505.2122231903502 0.10104244463807005 50.52122231903502
59.54782895722754 19.849276319075845 396.98552638151693 0.07939710527630339 39.69855263815169
102.38023185283143 34.12674395094381 682.5348790188763 0.13650697580377524 68.25348790188762
99.80850695566986 33.26950231855662 665.3900463711324 0.1330780092742265 66.53900463711324
61.07948431061 20.359828103536667 407.19656207073336 0.08143931241414668 40.719656207073335
93.49065655591693 31.163552185305644 623.2710437061129 0.12465420874122257 62.32710437061129
90.3427161629941 30.11423872099803 602.2847744199606 0.12045695488399213 60.22847744199606
130.45810575856268 43.48603525285423 869.7207050570845 0.17394414101141692 86.97207050570846
121.05921764153283 40.35307254717761 807.0614509435522 0.16141229018871045 80.70614509435522
93.45472053716217 31.151573512387394 623.0314702477478 0.12460629404954958 62.30314702477479
68.1297062051854 22.709902068395134 454.1980413679027 0.09083960827358055 45.41980413679027
91.47617143946643 30.49205714648881 609.8411429297762 0.12196822858595524 60.98411429297762
73.71422306004754 24.571407686682516 491.4281537336503 0.09828563074673007 49.14281537336503
74.82653043075787 24.942176810252622 498.84353620505243 0.0997687072410105 49.884353620505244
122.5485772520133 40.8495257506711 816.990515013422 0.16339810300268443 81.6990515013422
76.1638745765826 25.387958192194198 507.759163843884 0.1015518327687768 50.775916384388395
112.51710073600817 37.50570024533606 750.1140049067212 0.15002280098134424 75.01140049067212
85.36478030489242 28.454926768297472 569.0985353659495 0.11381970707318989 56.909853536594945
109.59791657836304 36.532638859454345 730.6527771890869 0.1461305554378174 73.06527771890869
90.43209943864929 30.14403314621643 602.8806629243286 0.12057613258486573 60.28806629243286
127.67189143883239 42.55729714627746 851.1459429255492 0.17022918858510985 85.11459429255493
130.91322931529905 43.63774310509969 872.7548621019937 0.17455097242039874 87.27548621019938
105.85455787545789 35.28485262515263 705.6970525030526 0.14113941050061052 70.56970525030526
88.28866047904306 29.429553493014353 588.5910698602871 0.11771821397205742 58.859106986028706
131.11506889810929 43.70502296603643 874.1004593207286 0.17482009186414574 87.41004593207286
92.10601148877386 30.702003829591284 614.0400765918257 0.12280801531836515 61.40400765918257
104.67821982694232 34.89273994231411 697.8547988462822 0.13957095976925646 69.78547988462822
71.2683200743058 23.75610669143527 475.1221338287054 0.09502442676574108 47.51221338287054
89.05196092593711 29.683986975312372 593.6797395062474 0.11873594790124949 59.367973950624744
73.00393391849762 24.33464463949921 486.69289278998417 0.09733857855799684 48.66928927899842
83.51778479005782 27.839261596685937 556.7852319337187 0.11135704638674376 55.67852319337187
73.73779346620759 24.579264488735863 491.5852897747173 0.09831705795494346 49.158528977471725
111.39613539615742 37.13204513205247 742.6409026410495 0.1485281805282099 74.26409026410494
71.1110844826835 23.70369482756117 474.07389655122336 0.09481477931024468 47.40738965512234
99.73118068590392 33.24372689530131 664.8745379060261 0.13297490758120523 66.48745379060261
86.94062800941136 28.980209336470452 579.6041867294091 0.11592083734588182 57.960418672940904
57.904066513353285 19.301355504451095 386.0271100890219 0.07720542201780439 38.60271100890219
115.32554989675438 38.441849965584794 768.8369993116959 0.1537673998623392 76.88369993116959
105.80249899461298 35.267499664870996 705.3499932974199 0.14106999865948397 70.53499932974199
76.67311912441873 25.557706374806244 511.1541274961249 0.10223082549922498 51.11541274961249
121.06596962330048 40.35532320776682 807.1064641553365 0.16142129283106732 80.71064641553365
59.07627701773472 19.69209233924491 393.84184678489817 0.07876836935697963 39.38418467848982
110.65541093781498 36.88513697927166 737.7027395854332 0.14754054791708665 73.77027395854331
72.60260784869652 24.20086928289884 484.01738565797683 0.09680347713159537 48.40173856579768
110.92598870851967 36.975329569506556 739.5065913901311 0.14790131827802622 73.95065913901311
65.19013171819115 21.730043906063717 434.6008781212743 0.08692017562425487 43.46008781212743
76.92113027686366 25.640376758954552 512.807535179091 0.10256150703581822 51.280753517909105
76.45333528750992 25.484445095836637 509.6889019167328 0.10193778038334655 50.968890191673275
71.96098773391773 23.98699591130591 479.7399182261182 0.09594798364522365 47.97399182261182
76.91892757615094 25.639642525383643 512.7928505076728 0.10255857010153457 51.279285050767285
109.52209901470937 36.50736633823646 730.1473267647292 0.14602946535294584 73.01473267647292
76.59268305119112 25.530894350397038 510.61788700794074 0.10212357740158816 51.061788700794075
56.9469703381746 18.9823234460582 379.646468921164 0.0759292937842328 37.9646468921164
111.03568596529729 37.01189532176576 740.2379064353153 0.14804758128706305 74.02379064353153
108.7792539555012 36.2597513185004 725.195026370008 0.1450390052740016 72.5195026370008
117.95193717170173 39.317312390567245 786.3462478113448 0.15726924956226898 78.63462478113449
67.38576611698252 22.461922038994174 449.2384407798835 0.08984768815597671 44.92384407798835
58.982649876390774 19.660883292130258 393.21766584260513 0.07864353316852103 39.321766584260516
56.44114854999816 18.813716183332723 376.2743236666544 0.07525486473333089 37.627432366665445
58.7109028885836 19.570300962861197 391.40601925722393 0.0782812038514448 39.14060192572239
119.5518412211858 39.85061374039526 797.0122748079052 0.15940245496158106 79.70122748079052
65.72057242867845 21.90685747622615 438.137149524523 0.0876274299049046 43.8137149524523
125.56741273360869 41.85580424453623 837.1160848907247 0.16742321697814494 83.71160848907246
73.76450756735503 24.588169189118343 491.7633837823668 0.09835267675647337 49.176338378236686
59.55024364931907 19.85008121643969 397.0016243287938 0.07940032486575876 39.70016243287938
123.18948501243969 41.06316167081323 821.2632334162646 0.16425264668325293 82.12632334162646
80.07692178864919 26.692307262883062 533.8461452576613 0.10676922905153226 53.384614525766125
64.67217120364698 21.557390401215663 431.14780802431324 0.08622956160486266 43.114780802431326
104.95141623419791 34.9838054113993 699.6761082279861 0.1399352216455972 69.9676108227986
91.14573838784298 30.381912795947663 607.6382559189533 0.12152765118379066 60.763825591895326
106.99277233058575 35.664257443528584 713.2851488705717 0.14265702977411435 71.32851488705717
81.56708336241397 27.18902778747132 543.7805557494264 0.10875611114988529 54.37805557494264
59.587195714892 19.862398571630667 397.2479714326133 0.07944959428652267 39.724797143261334
92.58825304619884 30.862751015399613 617.2550203079923 0.12345100406159847 61.72550203079923
103.98154939807276 34.660516466024255 693.2103293204851 0.13864206586409702 69.32103293204851
104.37265788275369 34.7908859609179 695.8177192183579 0.13916354384367158 69.5817719218358
106.95465380748975 35.65155126916325 713.031025383265 0.142606205076653 71.3031025383265
99.02898152122378 33.00966050707459 660.1932101414919 0.13203864202829838 66.01932101414918
126.69357760383384 42.23119253461128 844.6238506922257 0.16892477013844515 84.46238506922256
93.6372796603504 31.212426553450136 624.2485310690026 0.12484970621380054 62.42485310690027
61.38042078735435 20.46014026245145 409.20280524902904 0.0818405610498058 40.9202805249029
122.49828901778979 40.83276300592993 816.6552601185986 0.16333105202371972 81.66552601185985
109.66377185430737 36.55459061810246 731.0918123620492 0.14621836247240982 73.10918123620492
130.35609065000114 43.45203021666705 869.040604333341 0.1738081208666682 86.9040604333341
119.64800740606239 39.882669135354135 797.6533827070826 0.15953067654141653 79.76533827070827
66.40546287153246 22.135154290510823 442.70308581021646 0.0885406171620433 44.270308581021645
111.12937168052729 37.0431238935091 740.8624778701819 0.1481724955740364 74.0862477870182
69.29993126591388 23.09997708863796 461.9995417727592 0.09239990835455185 46.19995417727592
59.18414100218017 19.728047000726722 394.5609400145345 0.07891218800290689 39.456094001453444
106.19780114458331 35.39926704819444 707.9853409638888 0.14159706819277776 70.79853409638888
71.06128568060655 23.68709522686885 473.74190453737697 0.0947483809074754 47.3741904537377
81.61666083265494 27.20555361088498 544.1110722176996 0.10882221444353993 54.41110722176996
72.13747547353705 24.045825157845684 480.9165031569137 0.09618330063138275 48.09165031569137
73.17871727644311 24.39290575881437 487.85811517628736 0.09757162303525747 48.78581151762874
87.98995878058552 29.329986260195174 586.5997252039035 0.1173199450407807 58.65997252039035
109.80894900651076 36.602983002170255 732.0596600434051 0.14641193200868102 73.20596600434051
107.76406589751038 35.92135529917012 718.4271059834025 0.1436854211966805 71.84271059834025
125.85606355465436 41.952021184884785 839.0404236976957 0.16780808473953915 83.90404236976957
113.83456474216305 37.944854914054346 758.897098281087 0.1517794196562174 75.88970982810869
126.62526026320504 42.20842008773501 844.1684017547002 0.16883368035094004 84.41684017547001
93.458801951658 31.152933983886 623.05867967772 0.124611735935544 62.305867967772
87.79633407566423 29.265444691888078 585.3088938377615 0.1170617787675523 58.530889383776156
61.91607380996493 20.63869126998831 412.7738253997662 0.08255476507995324 41.27738253997662
78.92710428265323 26.30903476088441 526.1806952176881 0.10523613904353764 52.61806952176882
92.54058778121883 30.84686259373961 616.9372518747922 0.12338745037495845 61.69372518747922
109.15866512045906 36.38622170681969 727.7244341363937 0.14554488682727876 72.77244341363938
121.65011143388438 40.55003714462813 811.0007428925625 0.1622001485785125 81.10007428925626
58.21575335168394 19.40525111722798 388.1050223445596 0.07762100446891192 38.81050223445596
84.51128759070232 28.170429196900777 563.4085839380156 0.11268171678760311 56.340858393801554
70.87457059182195 23.62485686394065 472.497137278813 0.0944994274557626 47.2497137278813
99.07472767072119 33.02490922357373 660.4981844714746 0.1320996368942949 66.04981844714746
71.21548345999152 23.73849448666384 474.7698897332768 0.09495397794665536 47.47698897332768
95.96459087214672 31.988196957382236 639.7639391476447 0.12795278782952896 63.97639391476447
95.82502729722897 31.94167576574299 638.8335153148598 0.12776670306297197 63.88335153148598
130.37113981618788 43.45704660539595 869.1409321079191 0.17382818642158382 86.9140932107919
111.7180288744266 37.239342958142196 744.7868591628439 0.1489573718325688 74.47868591628439
92.62070160275925 30.873567200919748 617.471344018395 0.123494268803679 61.747134401839496
85.34608963639995 28.44869654546665 568.973930909333 0.11379478618186661 56.8973930909333
95.88218410264476 31.96072803421492 639.2145606842984 0.1278429121368597 63.92145606842984
108.79430146824731 36.26476715608244 725.2953431216488 0.14505906862432977 72.52953431216488
90.10632423282483 30.03544141094161 600.7088282188322 0.12014176564376644 60.07088282188322
61.967414208259214 20.655804736086406 413.11609472172813 0.08262321894434563 41.31160947217281
94.82360921414873 31.607869738049576 632.1573947609916 0.1264314789521983 63.21573947609915
96.47452377825559 32.15817459275186 643.1634918550373 0.12863269837100746 64.31634918550373
78.08674437369045 26.02891479123015 520.5782958246031 0.1041156591649206 52.0578295824603
120.45504945175274 40.15168315058425 803.033663011685 0.16060673260233702 80.3033663011685
75.91757555967499 25.30585851989166 506.1171703978332 0.10122343407956665 50.61171703978332
91.0868257190525 30.362275239684166 607.2455047936834 0.12144910095873668 60.72455047936833
104.18782231801288 34.72927410600429 694.5854821200859 0.13891709642401717 69.45854821200858
68.99065961625045 22.99688653875015 459.937730775003 0.0919875461550006 45.9937730775003
106.5556254223955 35.51854180746516 710.3708361493033 0.14207416722986066 71.03708361493032
124.62695292919489 41.54231764306496 830.8463528612992 0.16616927057225986 83.08463528612992
80.82054352141843 26.940181173806145 538.8036234761229 0.10776072469522457 53.88036234761229
105.67375578062526 35.22458526020842 704.4917052041684 0.14089834104083368 70.44917052041684
77.82006755603089 25.940022518676965 518.8004503735393 0.10376009007470786 51.88004503735393
65.80809132610759 21.93603044203586 438.7206088407172 0.08774412176814345 43.87206088407172
84.53933824380066 28.17977941460022 563.5955882920044 0.11271911765840088 56.35955882920044
97.48181446510662 32.493938155035536 649.8787631007108 0.12997575262014216 64.98787631007107
59.7581509416211 19.919383647207034 398.38767294414066 0.07967753458882815 39.83876729441407
89.80996225040472 29.93665408346824 598.7330816693648 0.11974661633387296 59.87330816693648
88.92763792790855 29.642545975969515 592.8509195193902 0.11857018390387807 59.28509195193903
84.36512291438186 28.121707638127287 562.4341527625458 0.11248683055250915 56.243415276254574
65.71260413097406 21.90420137699135 438.084027539827 0.08761680550796541 43.8084027539827
83.21016712156745 27.736722373855816 554.7344474771163 0.11094688949542326 55.47344474771163
108.21025627900079 36.0700854263336 721.401708526672 0.1442803417053344 72.1401708526672
70.28894913083927 23.429649710279758 468.5929942055951 0.09371859884111904 46.859299420559516
106.26500171476259 35.421667238254194 708.4333447650839 0.1416866689530168 70.84333447650839
92.13842409101507 30.71280803033836 614.2561606067671 0.12285123212135343 61.42561606067672
129.84193035611165 43.28064345203722 865.6128690407443 0.17312257380814888 86.56128690407444
85.76511820738463 28.588372735794877 571.7674547158975 0.11435349094317951 57.176745471589754
87.44515336663164 29.14838445554388 582.9676891108776 0.11659353782217552 58.29676891108776
114.34566183397176 38.11522061132392 762.3044122264783 0.15246088244529568 76.23044122264784
130.21494698719704 43.404982329065675 868.0996465813136 0.17361992931626272 86.80996465813135
62.738314624773814 20.912771541591272 418.25543083182544 0.08365108616636509 41.825543083182545
109.30008911131759 36.43336303710586 728.6672607421173 0.14573345214842345 72.86672607421173
124.62508724140926 41.54169574713642 830.8339149427284 0.1661667829885457 83.08339149427285
73.3660738963102 24.455357965436733 489.10715930873465 0.09782143186174694 48.910715930873465
77.60944305545327 25.869814351817755 517.3962870363551 0.10347925740727103 51.73962870363551
99.70044258069214 33.23348086023071 664.6696172046143 0.13293392344092286 66.46696172046143
82.86119471763442 27.620398239211475 552.4079647842295 0.1104815929568459 55.24079647842295
113.14405219653872 37.71468406551291 754.2936813102582 0.15085873626205165 75.42936813102583
116.68909632891457 38.89636544297153 777.9273088594305 0.15558546177188612 77.79273088594306
74.38990083286312 24.796633610954373 495.93267221908746 0.0991865344438175 49.59326722190875
129.9152998778403 43.3050999592801 866.101999185602 0.17322039983712043 86.6101999185602
79.72376000088289 26.574586666960965 531.4917333392193 0.10629834666784387 53.14917333392193
100.47867120570999 33.49289040190333 669.8578080380667 0.13397156160761334 66.98578080380666
97.75515968413718 32.58505322804573 651.7010645609146 0.13034021291218292 65.17010645609146
78.58255967315101 26.194186557717003 523.88373115434 0.10477674623086802 52.38837311543401
56.62164031511073 18.87388010503691 377.47760210073824 0.07549552042014765 37.74776021007382
68.87497288856768 22.95832429618923 459.16648592378453 0.09183329718475691 45.91664859237846
104.6091532249487 34.869717741649566 697.3943548329913 0.13947887096659825 69.73943548329913
129.97554299764198 43.325180999214 866.5036199842799 0.173300723996856 86.650361998428
94.47937279313777 31.493124264379258 629.8624852875852 0.12597249705751704 62.986248528758516
103.6860264289623 34.5620088096541 691.240176193082 0.1382480352386164 69.1240176193082
81.4395728866539 27.1465242955513 542.930485911026 0.1085860971822052 54.2930485911026
89.90329764944843 29.96776588314948 599.3553176629896 0.11987106353259791 59.93553176629896
62.8387331388074 20.946244379602465 418.92488759204934 0.08378497751840987 41.89248875920493
122.73168981395602 40.91056327131867 818.2112654263734 0.1636422530852747 81.82112654263734
96.07761593274489 32.02587197758163 640.5174395516326 0.12810348791032652 64.05174395516326
75.12246636462064 25.040822121540213 500.8164424308043 0.10016328848616085 50.081644243080426
110.93048802630553 36.976829342101844 739.5365868420369 0.14790731736840737 73.95365868420369
71.28205339074593 23.760684463581978 475.21368927163957 0.09504273785432792 47.521368927163955
82.58853909316285 27.529513031054282 550.5902606210856 0.11011805212421713 55.059026062108565
110.73838122132629 36.9127937404421 738.2558748088419 0.14765117496176838 73.8255874808842
68.14363964039823 22.714546546799415 454.2909309359883 0.09085818618719765 45.42909309359883
61.65988444404756 20.55329481468252 411.06589629365044 0.08221317925873009 41.10658962936504
83.37606764891639 27.792022549638794 555.8404509927759 0.11116809019855518 55.58404509927759
127.52916396709544 42.509721322365145 850.1944264473029 0.1700388852894606 85.01944264473029
89.32868193713696 29.77622731237899 595.5245462475798 0.11910490924951596 59.55245462475798
70.50040230893505 23.50013410297835 470.002682059567 0.09400053641191342 47.0002682059567
123.02688726051197 41.00896242017066 820.1792484034131 0.16403584968068263 82.01792484034132
71.5547579841458 23.851585994715265 477.0317198943053 0.09540634397886107 47.70317198943053
89.41960068068175 29.80653356022725 596.130671204545 0.119226134240909 59.6130671204545
120.42236008966722 40.14078669655574 802.8157339311148 0.16056314678622297 80.28157339311149
63.299333040887525 21.09977768029584 421.9955536059168 0.08439911072118338 42.19955536059168
88.09539944836078 29.36513314945359 587.3026629890719 0.11746053259781437 58.73026629890718
91.03410657724808 30.34470219241603 606.8940438483206 0.12137880876966411 60.68940438483206
98.71891473761082 32.90630491253694 658.1260982507388 0.13162521965014776 65.81260982507388
65.88212638241033 21.960708794136778 439.21417588273556 0.08784283517654712 43.921417588273556
112.74044045460366 37.58014681820122 751.6029363640245 0.1503205872728049 75.16029363640244
127.7301806892083 42.57672689640277 851.5345379280553 0.17030690758561107 85.15345379280554
100.12505215584211 33.3750173852807 667.5003477056141 0.1335000695411228 66.7500347705614
94.11440151548585 31.371467171828616 627.4293434365723 0.12548586868731446 62.74293434365723
69.31850677737394 23.106168925791316 462.1233785158263 0.09242467570316526 46.21233785158263
79.4593197771918 26.486439925730597 529.728798514612 0.1059457597029224 52.972879851461194
73.76025174045607 24.58675058015202 491.73501160304045 0.0983470023206081 49.17350116030404
91.76745263698768 30.589150878995895 611.7830175799179 0.1223566035159836 61.17830175799179
87.32389191321388 29.107963971071293 582.1592794214258 0.11643185588428517 58.215927942142585
90.46288958010759 30.154296526702527 603.0859305340506 0.12061718610681012 60.308593053405055
80.98088573683133 26.993628578943774 539.8725715788755 0.1079745143157751 53.98725715788755
61.24157511416373 20.41385837138791 408.27716742775823 0.08165543348555165 40.82771674277582
110.55167270788668 36.85055756929556 737.0111513859113 0.14740223027718224 73.70111513859112
58.407831355541745 19.469277118513915 389.3855423702783 0.07787710847405566 38.93855423702783
106.10629035012205 35.36876345004069 707.3752690008137 0.14147505380016276 70.73752690008138
75.12802939317628 25.042676464392095 500.85352928784187 0.10017070585756838 50.08535292878419
123.8053997889899 41.268466596329965 825.3693319265993 0.16507386638531987 82.53693319265993
111.95151397760446 37.31717132586815 746.3434265173631 0.14926868530347262 74.6343426517363
105.80574233808055 35.26858077936018 705.3716155872037 0.14107432311744073 70.53716155872036
94.02661546313824 31.342205154379414 626.8441030875883 0.12536882061751767 62.68441030875883
125.7863458515979 41.92878195053263 838.5756390106527 0.16771512780213055 83.85756390106526
112.16282075914826 37.387606919716085 747.7521383943217 0.14955042767886437 74.77521383943217
85.35048319697063 28.450161065656875 569.0032213131375 0.11380064426262751 56.90032213131375
129.79350064046204 43.264500213487345 865.2900042697469 0.1730580008539494 86.52900042697469
123.61217316969861 41.204057723232864 824.0811544646574 0.1648162308929315 82.40811544646573
96.3076114007007 32.1025371335669 642.050742671338 0.1284101485342676 64.2050742671338
125.94578159841654 41.98192719947218 839.6385439894436 0.16792770879788874 83.96385439894436
87.02187339323035 29.007291131076784 580.1458226215357 0.11602916452430714 58.01458226215357
92.8454504150759 30.94848347169197 618.9696694338394 0.12379393388676788 61.89696694338394
80.43152295084526 26.810507650281757 536.2101530056351 0.10724203060112703 53.62101530056351
106.96242005588947 35.65414001862982 713.0828003725965 0.14261656007451928 71.30828003725964
111.52971768493065 37.17657256164355 743.5314512328711 0.1487062902465742 74.3531451232871
61.43887894871388 20.479626316237958 409.59252632475915 0.08191850526495184 40.959252632475916
99.94162692383247 33.31387564127749 666.2775128255498 0.13325550256510996 66.62775128255498
95.08529710996768 31.695099036655893 633.9019807331179 0.1267803961466236 63.39019807331179
97.94434824320787 32.64811608106929 652.9623216213857 0.13059246432427715 65.29623216213858
111.62416004310377 37.20805334770126 744.1610669540252 0.14883221339080505 74.41610669540252
120.00071593781956 40.00023864593986 800.0047729187971 0.16000095458375943 80.00047729187972
59.188800164422304 19.729600054807435 394.5920010961487 0.07891840021922975 39.45920010961487
84.13263352942683 28.04421117647561 560.8842235295122 0.11217684470590245 56.08842235295122
125.48532357578347 41.82844119192782 836.5688238385565 0.16731376476771131 83.65688238385565
115.00414016595506 38.334713388651686 766.6942677730337 0.15333885355460675 76.66942677730337
115.13435500309296 38.378118334364316 767.5623666872864 0.1535124733374573 76.75623666872863
113.22866102020684 37.742887006735614 754.8577401347123 0.15097154802694246 75.48577401347123
127.76493831666794 42.58831277222265 851.7662554444529 0.1703532510888906 85.1766255444453
123.70881625641178 41.236272085470596 824.7254417094118 0.16494508834188237 82.47254417094119
83.66504009107307 27.888346697024357 557.7669339404872 0.11155338678809744 55.77669339404871
99.35734645713258 33.11911548571086 662.3823097142172 0.13247646194284343 66.23823097142171
128.35302230362007 42.78434076787336 855.6868153574671 0.17113736307149344 85.56868153574672
83.72766803845828 27.90922267948609 558.1844535897218 0.11163689071794436 55.81844535897218
107.14542400986365 35.715141336621215 714.3028267324243 0.14286056534648486 71.43028267324243
90.84290575363589 30.2809685845453 605.619371690906 0.1211238743381812 60.5619371690906
111.90355273320492 37.30118424440164 746.0236848880328 0.14920473697760658 74.60236848880328
111.09001860052837 37.030006200176125 740.6001240035225 0.1481200248007045 74.06001240035225
117.06172880099388 39.020576266997956 780.4115253399592 0.15608230506799184 78.04115253399591
59.725252265525 19.90841742184167 398.16834843683336 0.07963366968736668 39.81683484368334
113.11235786848924 37.70411928949641 754.0823857899283 0.15081647715798566 75.40823857899282
92.39951266417674 30.799837554725578 615.9967510945115 0.12319935021890233 61.599675109451155
73.95821605732213 24.652738685774047 493.0547737154809 0.09861095474309618 49.30547737154809
83.78535930458322 27.92845310152774 558.5690620305547 0.11171381240611096 55.85690620305548
78.37280727408029 26.124269091360098 522.485381827202 0.1044970763654404 52.248538182720196
123.795971939595 41.265323979865 825.3064795973 0.16506129591946003 82.53064795973
114.84015302153455 38.28005100717819 765.6010201435637 0.15312020402871274 76.56010201435637
77.00228499363867 25.66742833121289 513.3485666242577 0.10266971332485156 51.33485666242578
122.80204311582075 40.93401437194025 818.6802874388051 0.16373605748776102 81.8680287438805
112.44612180741524 37.48204060247174 749.6408120494349 0.149928162409887 74.96408120494348
90.02195336837826 30.00731778945942 600.1463557891884 0.12002927115783768 60.01463557891884
116.42998099831156 38.80999366610386 776.1998733220771 0.15523997466441541 77.61998733220771
96.00067300603219 32.000224335344065 640.0044867068813 0.12800089734137626 64.00044867068813
127.65044116548236 42.550147055160785 851.0029411032157 0.17020058822064316 85.10029411032157
101.94111628952895 33.98037209650965 679.607441930193 0.1359214883860386 67.9607441930193
107.89119720768983 35.963732402563274 719.2746480512656 0.14385492961025312 71.92746480512655
120.37262471300957 40.124208237669855 802.4841647533971 0.16049683295067943 80.24841647533971
99.85943502223977 33.28647834074659 665.7295668149318 0.13314591336298637 66.57295668149318
72.5942816803611 24.198093893453702 483.96187786907404 0.09679237557381482 48.396187786907404
104.63872313378978 34.87957437792993 697.5914875585986 0.1395182975117197 69.75914875585985
87.38958808484928 29.12986269494976 582.5972538989952 0.11651945077979904 58.25972538989952
66.94244605554107 22.314148685180356 446.2829737036071 0.08925659474072144 44.62829737036071
113.98125522502089 37.993751741673634 759.8750348334727 0.15197500696669453 75.98750348334727
67.23087254023922 22.410290846746406 448.2058169349281 0.08964116338698563 44.82058169349281
89.83573072576854 29.945243575256182 598.9048715051237 0.11978097430102473 59.890487150512364
82.94566777152869 27.6485559238429 552.971118476858 0.1105942236953716 55.2971118476858
82.26605841133814 27.422019470446045 548.440389408921 0.1096880778817842 54.84403894089209
129.30858094387852 43.10286031462618 862.0572062925236 0.17241144125850472 86.20572062925235
56.81358705024149 18.937862350080493 378.7572470016099 0.07575144940032198 37.87572470016099
85.313320444448 28.437773481482665 568.7554696296532 0.11375109392593066 56.87554696296533
111.2810948534923 37.093698284497435 741.8739656899487 0.14837479313798974 74.18739656899487
62.74561316604743 20.915204388682476 418.30408777364954 0.08366081755472991 41.83040877736495
68.13078970070889 22.71026323356963 454.2052646713926 0.09084105293427852 45.42052646713926
112.12702292904834 37.37567430968278 747.5134861936556 0.1495026972387311 74.75134861936556
119.51122141438111 39.837073804793704 796.7414760958741 0.15934829521917482 79.67414760958741
116.7713678561254 38.92378928537513 778.4757857075026 0.15569515714150053 77.84757857075026
130.62003245655438 43.54001081885146 870.8002163770292 0.17416004327540585 87.08002163770291
121.3431805980328 40.44772686601094 808.9545373202187 0.16179090746404376 80.89545373202188
116.79903925698049 38.933013085660164 778.6602617132032 0.15573205234264065 77.86602617132033
114.13739211583187 38.045797371943955 760.9159474388791 0.15218318948777584 76.09159474388791
100.97093129482646 33.65697709827549 673.1395419655097 0.13462790839310196 67.31395419655098
114.27678024066564 38.09226008022188 761.8452016044375 0.15236904032088752 76.18452016044375
127.71095429763909 42.570318099213026 851.4063619842606 0.17028127239685212 85.14063619842605
98.21418430212859 32.73806143404286 654.7612286808572 0.13095224573617145 65.47612286808572
112.77262381571094 37.590874605236976 751.8174921047396 0.15036349842094793 75.18174921047395
130.692266357148 43.564088785715995 871.2817757143199 0.17425635514286397 87.12817757143199
97.79552540630777 32.59850846876926 651.9701693753852 0.13039403387507706 65.19701693753852
88.06402931609227 29.354676438697425 587.0935287739485 0.1174187057547897 58.70935287739485
59.679797770950415 19.893265923650137 397.8653184730028 0.07957306369460056 39.786531847300274
87.8182514805824 29.272750493527468 585.4550098705494 0.11709100197410988 58.545500987054936
106.85139250715238 35.61713083571746 712.3426167143492 0.14246852334286983 71.23426167143492
64.03854077971515 21.34618025990505 426.92360519810103 0.0853847210396202 42.6923605198101
76.92243845684473 25.640812818948245 512.8162563789649 0.10256325127579298 51.28162563789649
105.40261107593236 35.13420369197745 702.684073839549 0.1405368147679098 70.2684073839549
104.80156495328241 34.93385498442747 698.6770996885494 0.13973541993770988 69.86770996885494
74.29626058085226 24.76542019361742 495.30840387234844 0.0990616807744697 49.53084038723484
99.78098701691002 33.26032900563668 665.2065801127335 0.1330413160225467 66.52065801127335
118.56804349680031 39.522681165600105 790.453623312002 0.15809072466240043 79.04536233120021
110.84405318144884 36.94801772714961 738.9603545429923 0.14779207090859844 73.89603545429922
97.82611179779587 32.60870393259863 652.1740786519725 0.1304348157303945 65.21740786519726
85.14369101367275 28.381230337890916 567.6246067578184 0.11352492135156367 56.76246067578183
129.7155313034149 43.238510434471635 864.7702086894327 0.17295404173788653 86.47702086894327
75.21588674766707 25.071962249222356 501.43924498444716 0.10028784899688943 50.14392449844471
97.09666570780035 32.36555523593345 647.3111047186691 0.1294622209437338 64.7311104718669
85.85181338037295 28.617271126790982 572.3454225358197 0.11446908450716393 57.234542253581964
90.05412973395258 30.018043244650862 600.3608648930173 0.12007217297860345 60.036086489301724
70.1682357688241 23.389411922941367 467.7882384588273 0.09355764769176547 46.778823845882734
68.32909426039441 22.776364753464804 455.52729506929614 0.09110545901385923 45.55272950692961
67.22095664458125 22.40698554819375 448.139710963875 0.089627942192775 44.8139710963875
130.51038720366688 43.5034624012223 870.069248024446 0.1740138496048892 87.0069248024446
77.60489424069716 25.86829808023239 517.3659616046477 0.10347319232092955 51.73659616046478
99.6134355217551 33.2044785072517 664.089570145034 0.1328179140290068 66.4089570145034
75.90316565043308 25.301055216811026 506.0211043362205 0.10120422086724411 50.60211043362205
105.78917522167957 35.263058407226524 705.2611681445304 0.1410522336289061 70.52611681445305
75.28459932688219 25.094866442294062 501.89732884588125 0.10037946576917625 50.189732884588125
126.65311506848069 42.2177050228269 844.3541004565379 0.1688708200913076 84.4354100456538
88.12455754872504 29.374852516241678 587.4970503248336 0.11749941006496673 58.749705032483355
124.22009181119775 41.40669727039925 828.133945407985 0.165626789081597 82.8133945407985
66.52966339219675 22.176554464065585 443.53108928131167 0.08870621785626234 44.35310892813117
107.83194122397012 35.94398040799004 718.8796081598008 0.14377592163196015 71.88796081598008
77.29711103873353 25.765703679577847 515.3140735915568 0.10306281471831139 51.53140735915569
109.7295893533871 36.576529784462366 731.5305956892473 0.14630611913784947 73.15305956892473
125.01913611435467 41.67304537145156 833.4609074290311 0.16669218148580622 83.34609074290312
124.55069111216417 41.516897037388055 830.3379407477611 0.16606758814955225 83.03379407477611
125.06084838362285 41.68694946120762 833.7389892241523 0.1667477978448305 83.37389892241524
130.82882738111874 43.60960912703958 872.1921825407917 0.17443843650815835 87.21921825407917
111.47420250739016 37.15806750246339 743.1613500492678 0.14863227000985355 74.31613500492678
124.37705292138438 41.45901764046146 829.1803528092292 0.16583607056184585 82.91803528092292
79.9640317555194 26.654677251839797 533.093545036796 0.1066187090073592 53.30935450367959
59.90078329479738 19.96692776493246 399.3385552986492 0.07986771105972984 39.93385552986492
87.86676695254887 29.288922317516292 585.7784463503258 0.11715568927006517 58.577844635032584
63.49317916756071 21.16439305585357 423.2878611170714 0.08465757222341429 42.32878611170714
69.23410182392988 23.07803394130996 461.56067882619925 0.09231213576523985 46.15606788261992
69.30745754784708 23.10248584928236 462.04971698564725 0.09240994339712945 46.20497169856472
57.199180062683276 19.06639335422776 381.3278670845552 0.07626557341691104 38.13278670845552
71.20922489730748 23.736408299102493 474.72816598204986 0.09494563319640997 47.472816598204986
116.43094918013446 38.81031639337815 776.206327867563 0.15524126557351262 77.6206327867563
78.91909125970528 26.306363753235097 526.127275064702 0.1052254550129404 52.61272750647019
117.91376287901747 39.304587626339156 786.0917525267831 0.15721835050535662 78.60917525267831
102.93921384174692 34.31307128058231 686.2614256116461 0.13725228512232923 68.62614256116461
86.20672930807677 28.73557643602559 574.7115287205118 0.11494230574410236 57.47115287205118
117.59207622927494 39.19735874309165 783.947174861833 0.1567894349723666 78.3947174861833
66.59535256358966 22.198450854529884 443.96901709059773 0.08879380341811954 44.39690170905977
119.00726152882632 39.66908717627544 793.3817435255088 0.15867634870510178 79.33817435255088
116.92280936910511 38.9742697897017 779.485395794034 0.15589707915880682 77.9485395794034
98.89082969838199 32.963609899460664 659.2721979892133 0.13185443959784268 65.92721979892133
60.82823030546438 20.276076768488128 405.52153536976255 0.08110430707395251 40.552153536976256
99.96756269821239 33.322520899404125 666.4504179880826 0.13329008359761652 66.64504179880825
62.494539888836535 20.831513296278846 416.6302659255769 0.08332605318511538 41.66302659255769
88.96119148966596 29.65373049655532 593.0746099311064 0.11861492198622128 59.30746099311064
65.860907993566 21.953635997855333 439.0727199571067 0.08781454399142134 43.907271995710666
109.78078197121607 36.59359399040536 731.8718798081072 0.14637437596162145 73.18718798081072
96.54840781186103 32.182802603953675 643.6560520790736 0.1287312104158147 64.36560520790735
111.9189586651812 37.3063195550604 746.1263911012079 0.1492252782202416 74.6126391101208
79.11786476127308 26.37262158709103 527.4524317418205 0.10549048634836411 52.74524317418206
96.19241291123654 32.06413763707885 641.2827527415769 0.1282565505483154 64.1282752741577
109.78377055812845 36.59459018604282 731.8918037208564 0.1463783607441713 73.18918037208564
70.41698697458446 23.472328991528155 469.4465798305631 0.09388931596611262 46.94465798305631
105.57693622157078 35.192312073856925 703.8462414771385 0.1407692482954277 70.38462414771385
98.00530254378384 32.66843418126128 653.3686836252256 0.13067373672504512 65.33686836252257
105.33269867876488 35.11089955958829 702.2179911917659 0.14044359823835317 70.22179911917658
131.1978210871698 43.7326070290566 874.652140581132 0.17493042811622642 87.4652140581132
94.60419646483341 31.534732154944468 630.6946430988893 0.12613892861977788 63.069464309888936
111.62902808109098 37.209676027030326 744.1935205406065 0.1488387041081213 74.41935205406065
66.90660381437154 22.302201271457182 446.04402542914363 0.08920880508582874 44.604402542914364
87.42615186680408 29.142050622268023 582.8410124453604 0.1165682024890721 58.284101244536046
70.00525366177511 23.33508455392504 466.7016910785008 0.09334033821570016 46.67016910785008
79.32295661380894 26.440985537936314 528.8197107587263 0.10576394215174525 52.88197107587263
65.60719161721043 21.869063872403476 437.3812774480695 0.08747625548961391 43.73812774480695
111.42642140637129 37.14214046879043 742.8428093758087 0.14856856187516174 74.28428093758086
89.8125478914786 29.9375159638262 598.750319276524 0.1197500638553048 59.8750319276524
98.92774988415188 32.975916628050626 659.5183325610126 0.1319036665122025 65.95183325610125
83.46187510905166 27.820625036350556 556.4125007270111 0.11128250014540222 55.64125007270111
103.12572700564249 34.37524233521416 687.5048467042833 0.13750096934085665 68.75048467042832
110.6827952296202 36.894265076540066 737.8853015308014 0.14757706030616027 73.78853015308013
69.60178264767217 23.200594215890725 464.01188431781446 0.09280237686356291 46.40118843178145
90.0201673706225 30.00672245687417 600.1344491374833 0.12002688982749668 60.01344491374834
96.02071428830138 32.00690476276712 640.1380952553425 0.1280276190510685 64.01380952553424
103.72691596313169 34.57563865437723 691.5127730875446 0.13830255461750893 69.15127730875446
105.1443206289914 35.048106876330465 700.9621375266092 0.14019242750532188 70.09621375266093
112.717712204112 37.572570734704 751.4514146940801 0.15029028293881602 75.145141469408
103.84945644228871 34.616485480762904 692.329709615258 0.13846594192305162 69.23297096152581
124.13680032885698 41.378933442952324 827.5786688590465 0.1655157337718093 82.75786688590465
65.89656166908357 21.96552055636119 439.3104111272238 0.08786208222544477 43.93104111272238
92.17841136456337 30.726137121521123 614.5227424304225 0.12290454848608451 61.45227424304225
127.35537995680964 42.451793318936545 849.0358663787309 0.1698071732757462 84.90358663787309
126.1090107631371 42.0363369210457 840.7267384209141 0.16814534768418282 84.0726738420914
106.96448071717121 35.65482690572374 713.0965381144747 0.14261930762289496 71.30965381144748
60.182814105972355 20.06093803532412 401.2187607064824 0.08024375214129648 40.12187607064824
116.58009263236306 38.860030877454356 777.200617549087 0.15544012350981742 77.72006175490871
62.29499753185906 20.764999177286352 415.29998354572706 0.08305999670914542 41.529998354572704
114.60418452612657 38.20139484204219 764.0278968408438 0.15280557936816877 76.40278968408438
70.68221273979171 23.56073757993057 471.21475159861143 0.0942429503197223 47.12147515986114
75.01553617254636 25.00517872418212 500.1035744836424 0.10002071489672848 50.01035744836424
113.33065166671217 37.77688388890405 755.5376777780812 0.15110753555561623 75.5537677778081
129.05084110792924 43.016947035976415 860.3389407195283 0.17206778814390566 86.03389407195283
102.98308534449038 34.32769511483013 686.5539022966025 0.13731078045932052 68.65539022966026
97.68315403776651 32.56105134592217 651.2210269184434 0.1302442053836887 65.12210269184435
107.9150241873349 35.97167472911163 719.4334945822326 0.14388669891644654 71.94334945822327
130.8564938854475 43.618831295149164 872.3766259029833 0.17447532518059666 87.23766259029833
66.06531959457597 22.021773198191987 440.43546396383977 0.08808709279276795 44.043546396383974
80.78888856077684 26.929629520258946 538.592590405179 0.10771851808103579 53.85925904051789
67.41875670204921 22.47291890068307 449.4583780136614 0.08989167560273228 44.94583780136614
73.92994287596754 24.643314291989178 492.8662858397836 0.09857325716795673 49.286628583978356
113.93034499733517 37.97678166577839 759.5356333155678 0.15190712666311357 75.95356333155678
101.02755484058855 33.67585161352952 673.5170322705903 0.13470340645411807 67.35170322705903
66.10728729411093 22.035762431370312 440.71524862740625 0.08814304972548126 44.071524862740624
106.9435897372118 35.64786324573726 712.9572649147453 0.14259145298294906 71.29572649147453
83.9015872990304 27.967195766343465 559.3439153268694 0.11186878306537387 55.93439153268693
87.87873521945689 29.292911739818962 585.8582347963792 0.11717164695927584 58.585823479637924
63.76212770888374 21.254042569627913 425.08085139255826 0.08501617027851166 42.508085139255826
60.587551458983214 20.19585048632774 403.91700972655474 0.08078340194531096 40.39170097265548
67.91984690344685 22.639948967815616 452.7989793563124 0.09055979587126248 45.27989793563123
102.34863292201433 34.11621097400478 682.3242194800956 0.13646484389601912 68.23242194800956
116.77548455251177 38.92516151750392 778.5032303500785 0.1557006460700157 77.85032303500785
91.31056400451669 30.43685466817223 608.7370933634446 0.12174741867268893 60.87370933634446
