0 0 631560.6258135419
1 0 417281.2324304993
2 0 290884.497085263
3 0 210603.72535012604
4 0 163028.5545674355
5 0 130998.83574084852
6 0 109692.88244772724
7 0 97797.59518825178
8 0 89002.95259560093
9 0 84890.27844374931
10 0 80941.95767497423
11 0 79850.40144989542
12 0 77787.44636071501
13 0 77873.76537035962
14 0 76547.49460837776
15 0 77095.0717765008
16 0 76057.9279720015
17 0 76786.93792298542
18 0 75863.77334109752
19 0 76664.46656408104
20 0 75786.43464429495
21 0 76615.57531039
22 0 75755.49371114308
23 0 76595.97337775427
24 0 75743.06224244836
25 0 76588.08117259799
26 0 75738.04666990195
27 0 76584.89049951808
28 0 75736.01488952534
29 0 76583.59541969327
30 0 75735.18859670968
31 0 76583.06772693661
32 0 75734.85128624579
33 0 76582.85191691024
34 0 75734.71308945231
35 0 76582.76334415725
36 0 75734.65627362613
37 0 76582.72686904678
38 0 75734.63283818784
39 0 76582.71179986208
40 0 75734.62314118122
41 0 76582.70555521331
42 0 75734.61911686696
43 0 76582.7029599558
44 0 75734.61744205869
45 0 76582.70187842874
46 0 75734.6167432007
47 0 76582.70142656115
48 0 75734.6164508555
49 0 76582.70123731109
50 0 75734.61632827455
51 0 76582.70115786932
52 0 75734.61627676274
53 0 76582.70112445053
54 0 75734.61625507112
55 0 76582.70111036394
56 0 75734.61624591895
57 0 76582.70110441523
58 0 75734.61624205035
59 0 76582.70110189833
60 0 75734.6162404124
61 0 76582.70110083181
62 0 75734.61623971778
63 0 76582.70110037929
64 0 75734.6162394228
65 0 76582.70110018676
66 0 75734.6162392972
67 0 76582.70110010495
68 0 75734.6162392438
69 0 76582.70110007003
70 0 75734.616239221
71 0 76582.70110005522
72 0 75734.61623921119
73 0 76582.70110004875
74 0 75734.61623920711
75 0 76582.70110004599
76 0 75734.61623920532
77 0 76582.70110004487
78 0 75734.61623920454
79 0 76582.70110004433
80 0 75734.61623920414
81 0 76582.70110004417
82 0 75734.61623920397
83 0 76582.70110004413
84 0 75734.6162392039
85 0 76582.70110004405
86 0 75734.6162392039
87 0 76582.70110004404
88 0 75734.6162392039
89 0 76582.70110004404
90 0 75734.61623920388
91 0 76582.70110004403
92 0 75734.61623920388
93 0 76582.70110004403
94 0 75734.61623920388
95 0 76582.70110004403
96 0 75734.61623920388
97 0 76582.70110004403
98 0 75734.61623920388
99 0 76582.70110004403
100 0 75734.61623920388
101 0 76582.70110004403
102 0 75734.61623920388
103 0 76582.70110004403
104 0 75734.61623920388
105 0 76582.70110004403
106 0 75734.61623920388
107 0 76582.70110004403
108 0 75734.61623920388
109 0 76582.70110004403
110 0 75734.61623920388
111 0 76582.70110004403
112 0 75734.61623920388
113 0 76582.70110004403
114 0 75734.61623920388
115 0 76582.70110004403
116 0 75734.61623920388
117 0 76582.70110004403
118 0 75734.61623920388
119 0 76582.70110004403
120 0 75734.61623920388
121 0 76582.70110004403
122 0 75734.61623920388
123 0 76582.70110004403
124 0 75734.61623920388
125 0 76582.70110004403
126 0 75734.61623920388
127 0 76582.70110004403
128 0 75734.61623920388
129 0 76582.70110004403
130 0 75734.61623920388
131 0 76582.70110004403
132 0 75734.61623920388
133 0 76582.70110004403
134 0 75734.61623920388
135 0 76582.70110004403
136 0 75734.61623920388
137 0 76582.70110004403
138 0 75734.61623920388
139 0 76582.70110004403
140 0 75734.61623920388
141 0 76582.70110004403
142 0 75734.61623920388
143 0 76582.70110004403
144 0 75734.61623920388
0 1 75734.61623920388
1 1 93017.00368431518
2 1 105474.42865064334
3 1 115624.14925475005
4 1 124846.70348895881
5 1 131767.94400134153
6 1 138314.94948113363
7 1 143016.5311389409
8 1 147720.12483674573
9 1 150889.12051220768
10 1 154317.16646891678
11 1 156423.38946438974
12 1 158964.97848701946
13 1 160331.0004729684
14 1 162253.8369197495
15 1 163102.06183363928
16 1 164591.11115448325
17 1 165075.53257022004
18 1 166259.14024456573
19 1 166486.84253622114
20 1 167454.45028062913
21 1 167500.21990983223
22 1 168314.42773571637
23 1 168230.72050367924
24 1 168935.53106188038
25 1 168759.2981461532
26 1 169385.77413626827
27 1 169143.15570414683
28 1 169713.31787172917
29 1 169422.88366572888
30 1 169952.4076469205
31 1 169627.40366395994
32 1 170127.49360127797
33 1 169777.4062320636
34 1 170256.10192714044
35 1 169887.75149235709
36 1 170350.8441947353
37 1 169969.15268064482
38 1 170420.82937646058
39 1 170029.3616869401
40 1 170472.66026096232
41 1 170074.00737442204
42 1 170511.1394800307
43 1 170107.190791508
44 1 170539.77180062435
45 1 170131.90946888374
46 1 170561.12288779457
47 1 170150.36106251468
48 1 170577.07654033092
49 1 170164.16147830436
50 1 170589.0198210554
51 1 170174.50214084017
52 1 170597.97677560014
53 1 170182.26378757917
54 1 170604.70535342186
55 1 170188.09908755307
56 1 170609.76789229913
57 1 170192.4928218653
58 1 170613.58254127842
59 1 170195.80585700704
60 1 170616.4608915795
61 1 170198.30737152175
62 1 170618.63559466475
63 1 170200.19854086082
64 1 170620.28068767727
65 1 170201.62999130785
66 1 170621.52659106738
67 1 170202.71469496458
68 1 170622.4712024073
69 1 170203.53751956922
70 1 170623.18812178163
71 1 170204.16231706273
72 1 170623.73276392868
73 1 170204.63719655637
74 1 170624.14690956136
75 1 170204.99845470474
76 1 170624.46210113735
77 1 170205.27351095152
78 1 170624.70218117387
79 1 170205.48310355569
80 1 170624.88519295817
81 1 170205.64293537886
82 1 170625.02480617067
83 1 170205.76490927604
84 1 170625.131387836
85 1 170205.8580568393
86 1 170625.21280802847
87 1 170205.9292376094
88 1 170625.2750468718
89 1 170205.98366619172
90 1 170625.32265243155
91 1 170206.02531014688
92 1 170625.35908656652
93 1 170206.05719069394
94 1 170625.3869864578
95 1 170206.08161022817
96 1 170625.40836258928
97 1 170206.10032465294
98 1 170625.42474879042
99 1 170206.11467404003
100 1 170625.43731604933
101 1 170206.1256817974
102 1 170625.4469589374
103 1 170206.1341300011
104 1 170625.45436128718
105 1 170206.14061667118
106 1 170625.46004615168
107 1 170206.14559935697
108 1 170625.4644138353
109 1 170206.14942832978
110 1 170625.46777087037
111 1 170206.15237187818
112 1 170625.47035210478
113 1 170206.15463560456
114 1 170625.47233755834
115 1 170206.15637714756
116 1 170625.4738652887
117 1 170206.1577174301
118 1 170625.47504122168
119 1 170206.15874925198
120 1 170625.47594666685
121 1 170206.1595438625
122 1 170625.47664406477
123 1 170206.1601559872
124 1 170625.47718138344
125 1 170206.16062767754
126 1 170625.47759549116
127 1 170206.16099125793
128 1 170625.4779147326
129 1 170206.16127158655
130 1 170625.47816090818
131 1 170206.16148778488
132 1 170625.4783507918
133 1 170206.1616545679
134 1 170625.47849729413
135 1 170206.16178326306
136 1 170625.4786103534
137 1 170206.16188259295
138 1 170625.47869762627
139 1 170206.1619592766
140 1 170625.47876500912
141 1 170206.1620184905
142 1 170625.47881704735
143 1 170206.16206422483
144 1 170625.47885724396
0 2 170625.47885724396
1 2 161669.30327795199
2 2 150885.0547087021
3 2 140139.7063828921
4 2 134817.10777622004
5 2 128134.83449206084
6 2 125838.10824486188
7 2 121411.70204318479
8 2 120798.60069684994
9 2 117630.09794306362
10 2 117957.84579642663
11 2 115493.81464691358
12 2 116349.61504943405
13 2 114281.82525349673
14 2 115435.27826672679
15 2 113591.32166821056
16 2 114913.2752248258
17 2 113196.2990206342
18 2 114614.04399988634
19 2 112969.40582695197
20 2 114441.8337518788
21 2 112838.57428109235
22 2 114342.34485832005
23 2 112762.8495393111
24 2 114284.65569170726
25 2 112718.86136011955
26 2 114251.08542530236
27 2 112693.21992305094
28 2 114231.48388085661
29 2 112678.22341699056
30 2 114220.00146663412
31 2 112669.42486714931
32 2 114213.25439693689
33 2 112664.24716608747
34 2 114209.2781994777
35 2 112661.19154363131
36 2 114206.92843740222
37 2 112659.3834025861
38 2 114205.53618869525
39 2 112658.31072437429
40 2 114204.70923276187
41 2 112657.67283135146
42 2 114204.2169004106
43 2 112657.29263621132
44 2 114203.92314544992
45 2 112657.06555181553
46 2 114203.74751251399
47 2 112656.92964709326
48 2 114203.64230020138
49 2 112656.84815870714
50 2 114203.57915855828
51 2 112656.79921226656
52 2 114203.54120035296
53 2 112656.76976371268
54 2 114203.51834485846
55 2 112656.75201853359
56 2 114203.50456235136
57 2 112656.74131001892
58 2 114203.49623937422
59 2 112656.73483900886
60 2 114203.4912066294
61 2 112656.73092363714
62 2 114203.48815963068
63 2 112656.72855172468
64 2 114203.48631270969
65 2 112656.72711319878
66 2 114203.48519197413
67 2 112656.72623982275
68 2 114203.48451119087
69 2 112656.72570903282
70 2 114203.48409724902
71 2 112656.72538614171
72 2 114203.48384532468
73 2 112656.72518954372
74 2 114203.4836918702
75 2 112656.72506974029
76 2 114203.4835983197
77 2 112656.72499667566
78 2 114203.48354124428
79 2 112656.72495208203
80 2 114203.48350639666
81 2 112656.72492484572
82 2 114203.48348510555
83 2 112656.72490819948
84 2 114203.48347208832
85 2 112656.72489801893
86 2 114203.48346412505
87 2 112656.72489178875
88 2 114203.48345925039
89 2 112656.72488797423
90 2 114203.48345626476
91 2 112656.724885637
92 2 114203.48345443513
93 2 112656.72488420442
94 2 114203.48345331333
95 2 112656.7248833261
96 2 114203.48345262522
97 2 112656.72488278698
98 2 114203.48345220294
99 2 112656.72488245611
100 2 114203.48345194367
101 2 112656.72488225289
102 2 114203.48345178428
103 2 112656.72488212814
104 2 114203.48345168661
105 2 112656.72488205138
106 2 114203.48345162645
107 2 112656.72488200413
108 2 114203.48345158937
109 2 112656.72488197513
110 2 114203.4834515666
111 2 112656.72488195736
112 2 114203.48345155257
113 2 112656.72488194621
114 2 114203.4834515439
115 2 112656.7248819397
116 2 114203.48345153863
117 2 112656.72488193552
118 2 114203.48345153542
119 2 112656.72488193287
120 2 114203.48345153336
121 2 112656.72488193125
122 2 114203.48345153214
123 2 112656.72488193028
124 2 114203.48345153144
125 2 112656.72488192965
126 2 114203.48345153095
127 2 112656.7248819293
128 2 114203.48345153061
129 2 112656.72488192913
130 2 114203.48345153045
131 2 112656.7248819289
132 2 114203.48345153032
133 2 112656.72488192879
134 2 114203.48345153026
135 2 112656.72488192875
136 2 114203.48345153022
137 2 112656.72488192873
138 2 114203.48345153019
139 2 112656.72488192869
140 2 114203.48345153018
141 2 112656.72488192868
142 2 114203.48345153015
143 2 112656.72488192868
144 2 114203.48345153015
0 3 114203.48345153015
1 3 109937.77150310438
2 3 100729.1249224144
3 3 90619.86456642424
4 3 88471.77972928617
5 3 82834.71411801636
6 3 83522.11974092125
7 3 79684.61250057649
8 3 81515.25908599798
9 3 78404.77310201185
10 3 80698.22346221113
11 3 77882.64756571683
12 3 80364.21462175903
13 3 77668.75768909177
14 3 80227.10390980553
15 3 77580.77432375612
16 3 80170.58725897897
17 3 77544.43330729613
18 3 80147.19564542625
19 3 77529.36158355915
20 3 80137.47484517125
21 3 77523.08571652924
22 3 80133.41906964351
23 3 77520.4621143291
24 3 80131.72027449288
25 3 77519.36108806691
26 3 80131.00600461631
27 3 77518.89728990656
28 3 80130.70457113332
29 3 77518.70120541862
30 3 80130.57690446623
31 3 77518.61801230266
32 3 80130.52264622375
33 3 77518.58259583602
34 3 80130.4995096788
35 3 77518.56746935041
36 3 80130.48961239024
37 3 77518.56098859855
38 3 80130.48536562857
39 3 77518.55820372146
40 3 80130.48353810907
41 3 77518.55700361944
42 3 80130.48274949043
43 3 77518.5564850571
44 3 80130.48240828792
45 3 77518.55626041371
46 3 80130.48226029612
47 3 77518.55616286147
48 3 80130.48219595554
49 3 77518.55612040205
50 3 80130.48216792059
51 3 77518.55610188149
52 3 80130.48215567946
53 3 77518.55609378657
54 3 80130.48215032382
55 3 77518.55609024169
56 3 80130.48214797626
57 3 77518.55608868653
58 3 80130.48214694561
59 3 77518.5560880031
60 3 80130.48214649227
61 3 77518.5560877022
62 3 80130.48214629247
63 3 77518.55608756968
64 3 80130.48214620426
65 3 77518.55608751123
66 3 80130.48214616552
67 3 77518.55608748537
68 3 80130.48214614834
69 3 77518.5560874738
70 3 80130.4821461407
71 3 77518.55608746877
72 3 80130.48214613735
73 3 77518.55608746652
74 3 80130.4821461358
75 3 77518.55608746545
76 3 80130.4821461352
77 3 77518.55608746495
78 3 80130.48214613492
79 3 77518.55608746475
80 3 80130.48214613473
81 3 77518.55608746463
82 3 80130.48214613469
83 3 77518.5560874646
84 3 80130.48214613467
85 3 77518.55608746459
86 3 80130.48214613467
87 3 77518.55608746459
88 3 80130.48214613467
89 3 77518.55608746459
90 3 80130.48214613467
91 3 77518.55608746459
92 3 80130.48214613467
93 3 77518.55608746459
94 3 80130.48214613467
95 3 77518.55608746459
96 3 80130.48214613467
97 3 77518.55608746459
98 3 80130.48214613467
99 3 77518.55608746459
100 3 80130.48214613467
101 3 77518.55608746459
102 3 80130.48214613467
103 3 77518.55608746459
104 3 80130.48214613467
105 3 77518.55608746459
106 3 80130.48214613467
107 3 77518.55608746459
108 3 80130.48214613467
109 3 77518.55608746459
110 3 80130.48214613467
111 3 77518.55608746459
112 3 80130.48214613467
113 3 77518.55608746459
114 3 80130.48214613467
115 3 77518.55608746459
116 3 80130.48214613467
117 3 77518.55608746459
118 3 80130.48214613467
119 3 77518.55608746459
120 3 80130.48214613467
121 3 77518.55608746459
122 3 80130.48214613467
123 3 77518.55608746459
124 3 80130.48214613467
125 3 77518.55608746459
126 3 80130.48214613467
127 3 77518.55608746459
128 3 80130.48214613467
129 3 77518.55608746459
130 3 80130.48214613467
131 3 77518.55608746459
132 3 80130.48214613467
133 3 77518.55608746459
134 3 80130.48214613467
135 3 77518.55608746459
136 3 80130.48214613467
137 3 77518.55608746459
138 3 80130.48214613467
139 3 77518.55608746459
140 3 80130.48214613467
141 3 77518.55608746459
142 3 80130.48214613467
143 3 77518.55608746459
144 3 80130.48214613467
0 4 80130.48214613467
1 4 89091.79783001443
2 4 88726.39987175413
3 4 84433.87111631765
4 4 85765.03279773766
5 4 82551.04074190513
6 4 84567.90931433722
7 4 81789.90156861403
8 4 84083.98862934418
9 4 81482.25231153693
10 4 83888.42207603886
11 4 81357.95133657953
12 4 83809.43089925777
13 4 81307.76470151011
14 4 83777.55351320114
15 4 81287.52331351495
16 4 83764.7054812495
17 4 81279.37167132595
18 4 83759.53612294569
19 4 81276.09540584052
20 4 83757.46103259653
21 4 81274.78208410378
22 4 83756.63053613112
23 4 81274.25741166744
24 4 83756.2994294825
25 4 81274.0487151235
26 4 83756.16807020862
27 4 81273.96616358304
28 4 83756.11628354194
29 4 81273.93374196858
30 4 83756.09603219168
31 4 81273.92112560704
32 4 83756.08819595602
33 4 81273.9162752456
34 4 83756.08520580745
35 4 81273.914440531
36 4 83756.08408627854
37 4 81273.91376190424
38 4 83756.08367818446
39 4 81273.91351888611
40 4 83756.083535229
41 4 81273.91343610223
42 4 83756.08348827557
43 4 81273.91341022459
44 4 83756.08347460144
45 4 81273.91340347093
46 4 83756.08347166123
47 4 81273.91340254505
48 4 83756.08347172958
49 4 81273.91340304587
50 4 83756.08347236569
51 4 81273.91340367115
52 4 83756.08347291657
53 4 81273.91340412782
54 4 83756.0834732808
55 4 81273.91340441033
56 4 83756.08347349596
57 4 81273.91340457184
58 4 83756.08347361561
59 4 81273.91340465951
60 4 83756.08347367952
61 4 81273.91340470582
62 4 83756.0834737129
63 4 81273.91340472977
64 4 83756.0834737297
65 4 81273.91340474166
66 4 83756.08347373837
67 4 81273.91340474797
68 4 83756.08347374262
69 4 81273.91340475093
70 4 83756.08347374483
71 4 81273.91340475233
72 4 83756.08347374585
73 4 81273.91340475316
74 4 83756.0834737465
75 4 81273.91340475345
76 4 83756.08347374678
77 4 81273.91340475359
78 4 83756.08347374688
79 4 81273.91340475365
80 4 83756.08347374691
81 4 81273.91340475371
82 4 83756.08347374694
83 4 81273.91340475374
84 4 83756.08347374696
85 4 81273.91340475375
86 4 83756.08347374696
87 4 81273.91340475375
88 4 83756.08347374696
89 4 81273.91340475375
90 4 83756.08347374696
91 4 81273.91340475375
92 4 83756.08347374696
93 4 81273.91340475375
94 4 83756.08347374696
95 4 81273.91340475375
96 4 83756.08347374696
97 4 81273.91340475375
98 4 83756.08347374696
99 4 81273.91340475375
100 4 83756.08347374696
101 4 81273.91340475375
102 4 83756.08347374696
103 4 81273.91340475375
104 4 83756.08347374696
105 4 81273.91340475375
106 4 83756.08347374696
107 4 81273.91340475375
108 4 83756.08347374696
109 4 81273.91340475375
110 4 83756.08347374696
111 4 81273.91340475375
112 4 83756.08347374696
113 4 81273.91340475375
114 4 83756.08347374696
115 4 81273.91340475375
116 4 83756.08347374696
117 4 81273.91340475375
118 4 83756.08347374696
119 4 81273.91340475375
120 4 83756.08347374696
121 4 81273.91340475375
122 4 83756.08347374696
123 4 81273.91340475375
124 4 83756.08347374696
125 4 81273.91340475375
126 4 83756.08347374696
127 4 81273.91340475375
128 4 83756.08347374696
129 4 81273.91340475375
130 4 83756.08347374696
131 4 81273.91340475375
132 4 83756.08347374696
133 4 81273.91340475375
134 4 83756.08347374696
135 4 81273.91340475375
136 4 83756.08347374696
137 4 81273.91340475375
138 4 83756.08347374696
139 4 81273.91340475375
140 4 83756.08347374696
141 4 81273.91340475375
142 4 83756.08347374696
143 4 81273.91340475375
144 4 83756.08347374696
0 5 83756.08347374696
1 5 90295.29122260699
2 5 87923.2589702666
3 5 82160.48754380335
4 5 82835.35718822946
5 5 78976.21670670316
6 5 80841.17675100932
7 5 77726.51727529288
8 5 80057.50026267934
9 5 77234.7477661127
10 5 79748.69600738239
11 5 77040.70155774569
12 5 79626.67615250876
13 5 76963.91901418247
14 5 79578.32528660903
15 5 76933.4499693755
16 5 79559.11078076351
17 5 76921.32394908229
18 5 79551.45254277241
19 5 76916.48374540055
20 5 79548.39110635301
21 5 76914.54591309708
22 5 79547.16355722572
23 5 76913.7677052531
24 5 79546.66982835422
25 5 76913.45421814833
26 5 79546.47062759893
27 5 76913.32753927597
28 5 79546.39000423315
29 5 76913.27618664988
30 5 79546.35726935751
31 5 76913.25530301034
32 5 79546.34393567489
33 5 76913.24678293828
34 5 79546.3384870578
35 5 76913.24329571617
36 5 79546.33625336504
37 5 76913.24186379908
38 5 79546.33533468796
39 5 76913.24127392696
40 5 79546.33495563288
41 5 76913.24103014808
42 5 79546.33479872765
43 5 76913.24092907764
44 5 79546.33473357114
45 5 76913.24088704024
46 5 79546.33470642842
47 5 76913.2408695008
48 5 79546.33469508568
49 5 76913.24086216024
50 5 79546.33469033136
51 5 76913.24085907836
52 5 79546.33468833225
53 5 76913.24085778077
54 5 79546.33468748922
55 5 76913.2408572326
56 5 79546.33468713266
57 5 76913.2408570004
58 5 79546.33468698146
59 5 76913.24085690184
60 5 79546.33468691722
61 5 76913.24085685983
62 5 79546.33468688987
63 5 76913.24085684202
64 5 79546.33468687789
65 5 76913.24085683432
66 5 79546.33468687293
67 5 76913.24085683102
68 5 79546.33468687069
69 5 76913.24085682958
70 5 79546.33468686981
71 5 76913.24085682906
72 5 79546.33468686936
73 5 76913.24085682878
74 5 79546.33468686922
75 5 76913.2408568287
76 5 79546.33468686914
77 5 76913.24085682866
78 5 79546.3346868691
79 5 76913.24085682865
80 5 79546.33468686909
81 5 76913.24085682863
82 5 79546.33468686909
83 5 76913.24085682862
84 5 79546.33468686909
85 5 76913.24085682862
86 5 79546.33468686909
87 5 76913.24085682862
88 5 79546.33468686909
89 5 76913.24085682862
90 5 79546.33468686909
91 5 76913.24085682862
92 5 79546.33468686909
93 5 76913.24085682862
94 5 79546.33468686909
95 5 76913.24085682862
96 5 79546.33468686909
97 5 76913.24085682862
98 5 79546.33468686909
99 5 76913.24085682862
100 5 79546.33468686909
101 5 76913.24085682862
102 5 79546.33468686909
103 5 76913.24085682862
104 5 79546.33468686909
105 5 76913.24085682862
106 5 79546.33468686909
107 5 76913.24085682862
108 5 79546.33468686909
109 5 76913.24085682862
110 5 79546.33468686909
111 5 76913.24085682862
112 5 79546.33468686909
113 5 76913.24085682862
114 5 79546.33468686909
115 5 76913.24085682862
116 5 79546.33468686909
117 5 76913.24085682862
118 5 79546.33468686909
119 5 76913.24085682862
120 5 79546.33468686909
121 5 76913.24085682862
122 5 79546.33468686909
123 5 76913.24085682862
124 5 79546.33468686909
125 5 76913.24085682862
126 5 79546.33468686909
127 5 76913.24085682862
128 5 79546.33468686909
129 5 76913.24085682862
130 5 79546.33468686909
131 5 76913.24085682862
132 5 79546.33468686909
133 5 76913.24085682862
134 5 79546.33468686909
135 5 76913.24085682862
136 5 79546.33468686909
137 5 76913.24085682862
138 5 79546.33468686909
139 5 76913.24085682862
140 5 79546.33468686909
141 5 76913.24085682862
142 5 79546.33468686909
143 5 76913.24085682862
144 5 79546.33468686909
0 6 79546.33468686909
1 6 89911.52069442823
2 6 91076.05333362798
3 6 88065.34634875305
4 6 89908.06364812942
5 6 87329.26221489902
6 6 89446.26583514866
7 6 87041.08643253581
8 6 89267.57713163031
9 6 86931.13625614063
10 6 89200.55814855799
11 6 86890.7642928808
12 6 89176.60240184283
13 6 86876.82974636205
14 6 89168.71583034298
15 6 86872.54050871127
16 6 89166.5257847065
17 6 86871.54386837945
18 6 89166.18254118747
19 6 86871.53793690438
20 6 89166.33345943944
21 6 86871.74627801118
22 6 89166.54736905266
23 6 86871.9411726904
24 6 89166.7137797395
25 6 86872.07758791304
26 6 89166.82252708766
27 6 86872.16253860854
28 6 89166.88787676855
29 6 86872.21220973441
30 6 89166.92526932439
31 6 86872.24013845764
32 6 89166.9459936856
33 6 86872.25543259428
34 6 89166.95722778518
35 6 86872.2636513722
36 6 89166.96321969849
37 6 86872.26800655258
38 6 89166.96637681326
39 6 86872.27028980674
40 6 89166.96802464778
41 6 86872.27147685285
42 6 89166.96887834123
43 6 86872.27208989635
44 6 89166.96931798443
45 6 86872.27240480634
46 6 89166.96954330461
47 6 86872.27256586587
48 6 89166.96965832729
49 6 86872.27264794396
50 6 89166.96971685375
51 6 86872.27268964853
52 6 89166.96974655325
53 6 86872.27271078674
54 6 89166.96976159072
55 6 86872.27272147899
56 6 89166.96976918976
57 6 86872.27272687801
58 6 89166.96977302438
59 6 86872.27272960026
60 6 89166.96977495641
61 6 86872.27273097145
62 6 89166.96977592903
63 6 86872.2727316612
64 6 89166.9697764182
65 6 86872.27273200784
66 6 89166.96977666393
67 6 86872.27273218209
68 6 89166.96977678742
69 6 86872.27273226972
70 6 89166.96977684942
71 6 86872.27273231346
72 6 89166.96977688059
73 6 86872.27273233543
74 6 89166.96977689616
75 6 86872.2727323465
76 6 89166.96977690388
77 6 86872.27273235215
78 6 89166.96977690766
79 6 86872.27273235472
80 6 89166.96977690977
81 6 86872.27273235623
82 6 89166.96977691072
83 6 86872.27273235691
84 6 89166.96977691124
85 6 86872.27273235728
86 6 89166.96977691144
87 6 86872.2727323576
88 6 89166.96977691153
89 6 86872.27273235765
90 6 89166.96977691162
91 6 86872.27273235768
92 6 89166.96977691165
93 6 86872.27273235771
94 6 89166.96977691165
95 6 86872.27273235771
96 6 89166.96977691165
97 6 86872.27273235771
98 6 89166.96977691166
99 6 86872.27273235773
100 6 89166.96977691166
101 6 86872.27273235773
102 6 89166.96977691166
103 6 86872.27273235773
104 6 89166.96977691166
105 6 86872.27273235773
106 6 89166.96977691166
107 6 86872.27273235773
108 6 89166.96977691166
109 6 86872.27273235773
110 6 89166.96977691166
111 6 86872.27273235773
112 6 89166.96977691166
113 6 86872.27273235773
114 6 89166.96977691166
115 6 86872.27273235773
116 6 89166.96977691166
117 6 86872.27273235773
118 6 89166.96977691166
119 6 86872.27273235773
120 6 89166.96977691166
121 6 86872.27273235773
122 6 89166.96977691166
123 6 86872.27273235773
124 6 89166.96977691166
125 6 86872.27273235773
126 6 89166.96977691166
127 6 86872.27273235773
128 6 89166.96977691166
129 6 86872.27273235773
130 6 89166.96977691166
131 6 86872.27273235773
132 6 89166.96977691166
133 6 86872.27273235773
134 6 89166.96977691166
135 6 86872.27273235773
136 6 89166.96977691166
137 6 86872.27273235773
138 6 89166.96977691166
139 6 86872.27273235773
140 6 89166.96977691166
141 6 86872.27273235773
142 6 89166.96977691166
143 6 86872.27273235773
144 6 89166.96977691166
0 7 89166.96977691166
1 7 100631.05197614498
2 7 105118.68715935244
3 7 105804.69298305761
4 7 109033.7856452547
5 7 108770.58705083704
6 7 111282.97656837896
7 7 110478.0274498021
8 7 112580.46586058146
9 7 111464.96840856121
10 7 113331.91163165573
11 7 112037.64960977761
12 7 113768.75586490535
13 7 112371.17444162391
14 7 114023.61902565464
15 7 112566.0927818739
16 7 114172.81412028773
17 7 112680.38116677856
18 7 114260.43043112362
19 7 112747.60029459251
20 7 114312.03827321877
21 7 112787.25032166133
22 7 114342.521888484
23 7 112810.70206284057
24 7 114360.57533043025
25 7 112824.60838006875
26 7 114371.29354847099
27 7 112832.87413967021
28 7 114377.67154569666
29 7 112837.79815232236
30 7 114381.47501082817
31 7 112840.73754488605
32 7 114383.74773276954
33 7 112842.4956244565
34 7 114385.10832335526
35 7 112843.54905659027
36 7 114385.92428459514
37 7 112844.1813378443
38 7 114386.41442789468
39 7 112844.56144165903
40 7 114386.70930592009
41 7 112844.79028509527
42 7 114386.88696419216
43 7 112844.92825316342
44 7 114386.99414409461
45 7 112845.0115417313
46 7 114387.05888674987
47 7 112845.06188306093
48 7 114387.0980414656
49 7 112845.09234552272
50 7 114387.12174777268
51 7 112845.11079896604
52 7 114387.13611596944
53 7 112845.12198910123
54 7 114387.14483310192
55 7 112845.12878136095
56 7 114387.15012674358
57 7 112845.13290795492
58 7 114387.15334427865
59 7 112845.13541722193
60 7 114387.15530159044
61 7 112845.13694429706
62 7 114387.15649323327
63 7 112845.1378743656
64 7 114387.1572192802
65 7 112845.1384412486
66 7 114387.15766197006
67 7 112845.13878701376
68 7 114387.15793207748
69 7 112845.13899805314
70 7 114387.15809699275
71 7 112845.13912694587
72 7 114387.15819774712
73 7 112845.13920571608
74 7 114387.1582593391
75 7 112845.1392538835
76 7 114387.15829701303
77 7 112845.13928335428
78 7 114387.15832006997
79 7 112845.13930139558
80 7 114387.15833418873
81 7 112845.1393124458
82 7 114387.15834283846
83 7 112845.13931921736
84 7 114387.1583481405
85 7 112845.13932336924
86 7 114387.15835139173
87 7 112845.1393259156
88 7 114387.15835338656
89 7 112845.13932747854
90 7 114387.15835461082
91 7 112845.13932843777
92 7 114387.15835536271
93 7 112845.13932902711
94 7 114387.15835582465
95 7 112845.13932938922
96 7 114387.1583561084
97 7 112845.13932961163
98 7 114387.15835628292
99 7 112845.13932974862
100 7 114387.15835639014
101 7 112845.13932983277
102 7 114387.15835645623
103 7 112845.13932988461
104 7 114387.1583564969
105 7 112845.1393299164
106 7 114387.15835652196
107 7 112845.13932993604
108 7 114387.15835653736
109 7 112845.1393299482
110 7 114387.15835654688
111 7 112845.13932995556
112 7 114387.15835655275
113 7 112845.13932996018
114 7 114387.15835655636
115 7 112845.13932996307
116 7 114387.1583565585
117 7 112845.13932996479
118 7 114387.15835655991
119 7 112845.13932996582
120 7 114387.15835656063
121 7 112845.13932996643
122 7 114387.1583565612
123 7 112845.13932996689
124 7 114387.15835656157
125 7 112845.13932996712
126 7 114387.15835656176
127 7 112845.13932996726
128 7 114387.15835656188
129 7 112845.13932996735
130 7 114387.15835656201
131 7 112845.13932996741
132 7 114387.15835656204
133 7 112845.13932996747
134 7 114387.15835656208
135 7 112845.1393299675
136 7 114387.1583565621
137 7 112845.1393299675
138 7 114387.1583565621
139 7 112845.1393299675
140 7 114387.15835656211
141 7 112845.1393299675
142 7 114387.15835656211
143 7 112845.1393299675
144 7 114387.15835656211
0 8 114387.15835656211
1 8 117483.37401413827
2 8 114969.78274644946
3 8 110052.17707182796
4 8 109668.0549455188
5 8 106266.35989509345
6 8 106962.2890955286
7 8 104330.76838159624
8 8 105576.38101130242
9 8 103337.52339642246
10 8 104863.8836152488
11 8 102825.93754338277
12 8 104496.20770140934
13 8 102561.43736920961
14 8 104305.74794227995
15 8 102424.15999195521
16 8 104206.70699272303
17 8 102352.63597242287
18 8 104155.00454025388
19 8 102315.22552488862
20 8 104127.90903828893
21 8 102295.58180928633
22 8 104113.6539008731
23 8 102285.2270668488
24 8 104106.12510185943
25 8 102279.74772231946
26 8 104102.13351465708
27 8 102276.83717966398
28 8 104100.00924077733
29 8 102275.28532249082
30 8 104098.87450734725
31 8 102274.45483584728
32 8 104098.26614309804
33 8 102274.00878724382
34 8 104097.938815131
35 8 102273.76837245417
36 8 104097.76208489515
37 8 102273.6383475929
38 8 104097.66634303372
39 8 102273.5677920495
40 8 104097.61430654897
41 8 102273.52938367879
42 8 104097.58593530228
43 8 102273.50841075783
44 8 104097.57041998391
45 8 102273.49692454221
46 8 104097.56191054509
47 8 102273.49061604774
48 8 104097.55723055957
49 8 102273.48714188226
50 8 104097.55464986405
51 8 102273.48522367058
52 8 104097.5532231955
53 8 102273.4841619514
54 8 104097.55243260847
55 8 102273.48357292269
56 8 104097.55199350818
57 8 102273.48324541238
58 8 104097.55174910119
59 8 102273.48306292872
60 8 104097.55161278449
61 8 102273.48296104999
62 8 104097.55153660759
63 8 102273.48290406505
64 8 104097.55149396056
65 8 102273.48287213479
66 8 104097.55147004398
67 8 102273.48285421336
68 8 104097.55145660951
69 8 102273.48284413887
70 8 104097.5514490518
71 8 102273.4828384669
72 8 104097.5514447938
73 8 102273.48283526927
74 8 104097.55144239165
75 8 102273.48283346409
76 8 104097.55144103486
77 8 102273.48283244399
78 8 104097.55144026733
79 8 102273.48283186638
80 8 104097.55143983291
81 8 102273.48283153948
82 8 104097.5514395865
83 8 102273.48283135389
84 8 104097.5514394469
85 8 102273.48283124868
86 8 104097.55143936732
87 8 102273.48283118861
88 8 104097.55143932218
89 8 102273.48283115469
90 8 104097.55143929673
91 8 102273.48283113525
92 8 104097.55143928214
93 8 102273.48283112426
94 8 104097.55143927374
95 8 102273.48283111789
96 8 104097.55143926892
97 8 102273.4828311144
98 8 104097.55143926629
99 8 102273.48283111228
100 8 104097.55143926475
101 8 102273.48283111116
102 8 104097.5514392639
103 8 102273.48283111054
104 8 104097.55143926345
105 8 102273.48283111025
106 8 104097.55143926317
107 8 102273.48283111
108 8 104097.551439263
109 8 102273.48283110988
110 8 104097.55143926291
111 8 102273.48283110981
112 8 104097.55143926285
113 8 102273.48283110972
114 8 104097.55143926282
115 8 102273.48283110971
116 8 104097.55143926282
117 8 102273.4828311097
118 8 104097.55143926282
119 8 102273.4828311097
120 8 104097.55143926282
121 8 102273.4828311097
122 8 104097.55143926282
123 8 102273.4828311097
124 8 104097.55143926282
125 8 102273.4828311097
126 8 104097.55143926282
127 8 102273.4828311097
128 8 104097.55143926282
129 8 102273.4828311097
130 8 104097.55143926282
131 8 102273.4828311097
132 8 104097.55143926282
133 8 102273.4828311097
134 8 104097.55143926282
135 8 102273.4828311097
136 8 104097.55143926282
137 8 102273.4828311097
138 8 104097.55143926282
139 8 102273.4828311097
140 8 104097.55143926282
141 8 102273.4828311097
142 8 104097.55143926282
143 8 102273.4828311097
144 8 104097.55143926282
0 9 104097.55143926282
1 9 105670.16892779816
2 9 100703.05176581985
3 9 93481.88630909131
4 9 92685.19138579359
5 9 88202.60683159641
6 9 89205.8620426563
7 9 85907.38126473651
8 9 87690.31977548209
9 9 84905.70556855925
10 9 87027.63678972943
11 9 84466.86484206584
12 9 86736.74404933315
13 9 84273.85221479196
14 9 86608.55023808604
15 9 84188.62504075034
16 9 86551.83241231854
17 9 84150.84244009921
18 9 86526.63854696033
19 9 84134.02623873486
20 9 86515.40310517972
21 9 84126.51208363015
22 9 86510.37277994813
23 9 84123.14126315426
24 9 86508.11180285773
25 9 84121.62325322234
26 9 86507.09164465872
27 9 84120.93702105428
28 9 86506.62960305814
29 9 84120.62563939243
30 9 86506.41956301565
31 9 84120.48383060431
32 9 86506.32373538121
33 9 84120.41901802646
34 9 86506.27986182558
35 9 84120.38929347809
36 9 86506.25970647846
37 9 84120.37561551547
38 9 86506.25041677125
39 9 84120.36930121305
40 9 86506.24612155923
41 9 84120.36637724409
42 9 86506.24412958894
43 9 84120.3650192189
44 9 86506.24320309932
45 9 84120.36438669938
46 9 86506.24277098262
47 9 84120.36409129667
48 9 86506.24256891018
49 9 84120.36395298045
50 9 86506.24247417657
51 9 84120.36388805797
52 9 86506.2424296586
53 9 84120.3638575144
54 9 86506.242408691
55 9 84120.36384311318
56 9 86506.24239879443
57 9 84120.36383630868
58 9 86506.24239411375
59 9 84120.3638330875
60 9 86506.2423918959
61 9 84120.36383155957
62 9 86506.24239084293
63 9 84120.36383083364
64 9 86506.24239034232
65 9 84120.36383048834
66 9 86506.24239010377
67 9 84120.36383032356
68 9 86506.24238999009
69 9 84120.363830245
70 9 86506.24238993567
71 9 84120.36383020743
72 9 86506.24238990969
73 9 84120.36383018941
74 9 86506.24238989723
75 9 84120.36383018072
76 9 86506.24238989121
77 9 84120.36383017656
78 9 86506.24238988846
79 9 84120.36383017455
80 9 86506.24238988708
81 9 84120.36383017366
82 9 86506.24238988642
83 9 84120.36383017317
84 9 86506.24238988613
85 9 84120.36383017295
86 9 86506.24238988599
87 9 84120.3638301728
88 9 86506.24238988591
89 9 84120.36383017273
90 9 86506.24238988588
91 9 84120.36383017272
92 9 86506.24238988587
93 9 84120.3638301727
94 9 86506.24238988587
95 9 84120.36383017269
96 9 86506.24238988587
97 9 84120.36383017269
98 9 86506.24238988587
99 9 84120.36383017269
100 9 86506.24238988587
101 9 84120.36383017269
102 9 86506.24238988587
103 9 84120.36383017269
104 9 86506.24238988587
105 9 84120.36383017269
106 9 86506.24238988587
107 9 84120.36383017269
108 9 86506.24238988587
109 9 84120.36383017269
110 9 86506.24238988587
111 9 84120.36383017269
112 9 86506.24238988587
113 9 84120.36383017269
114 9 86506.24238988587
115 9 84120.36383017269
116 9 86506.24238988587
117 9 84120.36383017269
118 9 86506.24238988587
119 9 84120.36383017269
120 9 86506.24238988587
121 9 84120.36383017269
122 9 86506.24238988587
123 9 84120.36383017269
124 9 86506.24238988587
125 9 84120.36383017269
126 9 86506.24238988587
127 9 84120.36383017269
128 9 86506.24238988587
129 9 84120.36383017269
130 9 86506.24238988587
131 9 84120.36383017269
132 9 86506.24238988587
133 9 84120.36383017269
134 9 86506.24238988587
135 9 84120.36383017269
136 9 86506.24238988587
137 9 84120.36383017269
138 9 86506.24238988587
139 9 84120.36383017269
140 9 86506.24238988587
141 9 84120.36383017269
142 9 86506.24238988587
143 9 84120.36383017269
144 9 86506.24238988587
