0 631560.6258135419
1 417281.2324304993
2 290884.497085263
3 210603.72535012604
4 163028.5545674355
5 130998.83574084852
6 109692.88244772724
7 97797.59518825178
8 89002.95259560093
9 84890.27844374931
10 80941.95767497423
11 79850.40144989542
12 77787.44636071501
13 77873.76537035962
14 76547.49460837776
15 77095.0717765008
16 76057.9279720015
17 76786.93792298542
18 75863.77334109752
19 76664.46656408104
20 75786.43464429495
21 76615.57531039
22 75755.49371114308
23 76595.97337775427
24 75743.06224244836
25 76588.08117259799
26 75738.04666990195
27 76584.89049951808
28 75736.01488952534
29 76583.59541969327
30 75735.18859670968
31 76583.06772693661
32 75734.85128624579
33 76582.85191691024
34 75734.71308945231
35 76582.76334415725
36 75734.65627362613
37 76582.72686904678
38 75734.63283818784
39 76582.71179986208
40 75734.62314118122
41 76582.70555521331
42 75734.61911686696
43 76582.7029599558
44 75734.61744205869
45 76582.70187842874
46 75734.6167432007
47 76582.70142656115
48 75734.6164508555
49 76582.70123731109
50 75734.61632827455
51 76582.70115786932
52 75734.61627676274
53 76582.70112445053
54 75734.61625507112
55 76582.70111036394
56 75734.61624591895
57 76582.70110441523
58 75734.61624205035
59 76582.70110189833
60 75734.6162404124
61 76582.70110083181
62 75734.61623971778
63 76582.70110037929
64 75734.6162394228
65 76582.70110018676
66 75734.6162392972
67 76582.70110010495
68 75734.6162392438
69 76582.70110007003
70 75734.616239221
71 76582.70110005522
72 75734.61623921119
73 76582.70110004875
74 75734.61623920711
75 76582.70110004599
76 75734.61623920532
77 76582.70110004487
78 75734.61623920454
79 76582.70110004433
80 75734.61623920414
81 76582.70110004417
82 75734.61623920397
83 76582.70110004413
84 75734.6162392039
85 76582.70110004405
86 75734.6162392039
87 76582.70110004404
88 75734.6162392039
89 76582.70110004404
90 75734.61623920388
91 76582.70110004403
92 75734.61623920388
93 76582.70110004403
94 75734.61623920388
95 76582.70110004403
96 75734.61623920388
97 76582.70110004403
98 75734.61623920388
99 76582.70110004403
100 75734.61623920388
101 76582.70110004403
102 75734.61623920388
103 76582.70110004403
104 75734.61623920388
105 76582.70110004403
106 75734.61623920388
107 76582.70110004403
108 75734.61623920388
109 76582.70110004403
110 75734.61623920388
111 76582.70110004403
112 75734.61623920388
113 76582.70110004403
114 75734.61623920388
115 76582.70110004403
116 75734.61623920388
117 76582.70110004403
118 75734.61623920388
119 76582.70110004403
120 75734.61623920388
121 76582.70110004403
122 75734.61623920388
123 76582.70110004403
124 75734.61623920388
125 76582.70110004403
126 75734.61623920388
127 76582.70110004403
128 75734.61623920388
129 76582.70110004403
130 75734.61623920388
131 76582.70110004403
132 75734.61623920388
133 76582.70110004403
134 75734.61623920388
135 76582.70110004403
136 75734.61623920388
137 76582.70110004403
138 75734.61623920388
139 76582.70110004403
140 75734.61623920388
141 76582.70110004403
142 75734.61623920388
143 76582.70110004403
144 75734.61623920388
