0 75734.61623920388
1 93017.00368431518
2 105474.42865064334
3 115624.14925475005
4 124846.70348895881
5 131767.94400134153
6 138314.94948113363
7 143016.5311389409
8 147720.12483674573
9 150889.12051220768
10 154317.16646891678
11 156423.38946438974
12 158964.97848701946
13 160331.0004729684
14 162253.8369197495
15 163102.06183363928
16 164591.11115448325
17 165075.53257022004
18 166259.14024456573
19 166486.84253622114
20 167454.45028062913
21 167500.21990983223
22 168314.42773571637
23 168230.72050367924
24 168935.53106188038
25 168759.2981461532
26 169385.77413626827
27 169143.15570414683
28 169713.31787172917
29 169422.88366572888
30 169952.4076469205
31 169627.40366395994
32 170127.49360127797
33 169777.4062320636
34 170256.10192714044
35 169887.75149235709
36 170350.8441947353
37 169969.15268064482
38 170420.82937646058
39 170029.3616869401
40 170472.66026096232
41 170074.00737442204
42 170511.1394800307
43 170107.190791508
44 170539.77180062435
45 170131.90946888374
46 170561.12288779457
47 170150.36106251468
48 170577.07654033092
49 170164.16147830436
50 170589.0198210554
51 170174.50214084017
52 170597.97677560014
53 170182.26378757917
54 170604.70535342186
55 170188.09908755307
56 170609.76789229913
57 170192.4928218653
58 170613.58254127842
59 170195.80585700704
60 170616.4608915795
61 170198.30737152175
62 170618.63559466475
63 170200.19854086082
64 170620.28068767727
65 170201.62999130785
66 170621.52659106738
67 170202.71469496458
68 170622.4712024073
69 170203.53751956922
70 170623.18812178163
71 170204.16231706273
72 170623.73276392868
73 170204.63719655637
74 170624.14690956136
75 170204.99845470474
76 170624.46210113735
77 170205.27351095152
78 170624.70218117387
79 170205.48310355569
80 170624.88519295817
81 170205.64293537886
82 170625.02480617067
83 170205.76490927604
84 170625.131387836
85 170205.8580568393
86 170625.21280802847
87 170205.9292376094
88 170625.2750468718
89 170205.98366619172
90 170625.32265243155
91 170206.02531014688
92 170625.35908656652
93 170206.05719069394
94 170625.3869864578
95 170206.08161022817
96 170625.40836258928
97 170206.10032465294
98 170625.42474879042
99 170206.11467404003
100 170625.43731604933
101 170206.1256817974
102 170625.4469589374
103 170206.1341300011
104 170625.45436128718
105 170206.14061667118
106 170625.46004615168
107 170206.14559935697
108 170625.4644138353
109 170206.14942832978
110 170625.46777087037
111 170206.15237187818
112 170625.47035210478
113 170206.15463560456
114 170625.47233755834
115 170206.15637714756
116 170625.4738652887
117 170206.1577174301
118 170625.47504122168
119 170206.15874925198
120 170625.47594666685
121 170206.1595438625
122 170625.47664406477
123 170206.1601559872
124 170625.47718138344
125 170206.16062767754
126 170625.47759549116
127 170206.16099125793
128 170625.4779147326
129 170206.16127158655
130 170625.47816090818
131 170206.16148778488
132 170625.4783507918
133 170206.1616545679
134 170625.47849729413
135 170206.16178326306
136 170625.4786103534
137 170206.16188259295
138 170625.47869762627
139 170206.1619592766
140 170625.47876500912
141 170206.1620184905
142 170625.47881704735
143 170206.16206422483
144 170625.47885724396
