0 170625.47885724396
1 161669.30327795199
2 150885.0547087021
3 140139.7063828921
4 134817.10777622004
5 128134.83449206084
6 125838.10824486188
7 121411.70204318479
8 120798.60069684994
9 117630.09794306362
10 117957.84579642663
11 115493.81464691358
12 116349.61504943405
13 114281.82525349673
14 115435.27826672679
15 113591.32166821056
16 114913.2752248258
17 113196.2990206342
18 114614.04399988634
19 112969.40582695197
20 114441.8337518788
21 112838.57428109235
22 114342.34485832005
23 112762.8495393111
24 114284.65569170726
25 112718.86136011955
26 114251.08542530236
27 112693.21992305094
28 114231.48388085661
29 112678.22341699056
30 114220.00146663412
31 112669.42486714931
32 114213.25439693689
33 112664.24716608747
34 114209.2781994777
35 112661.19154363131
36 114206.92843740222
37 112659.3834025861
38 114205.53618869525
39 112658.31072437429
40 114204.70923276187
41 112657.67283135146
42 114204.2169004106
43 112657.29263621132
44 114203.92314544992
45 112657.06555181553
46 114203.74751251399
47 112656.92964709326
48 114203.64230020138
49 112656.84815870714
50 114203.57915855828
51 112656.79921226656
52 114203.54120035296
53 112656.76976371268
54 114203.51834485846
55 112656.75201853359
56 114203.50456235136
57 112656.74131001892
58 114203.49623937422
59 112656.73483900886
60 114203.4912066294
61 112656.73092363714
62 114203.48815963068
63 112656.72855172468
64 114203.48631270969
65 112656.72711319878
66 114203.48519197413
67 112656.72623982275
68 114203.48451119087
69 112656.72570903282
70 114203.48409724902
71 112656.72538614171
72 114203.48384532468
73 112656.72518954372
74 114203.4836918702
75 112656.72506974029
76 114203.4835983197
77 112656.72499667566
78 114203.48354124428
79 112656.72495208203
80 114203.48350639666
81 112656.72492484572
82 114203.48348510555
83 112656.72490819948
84 114203.48347208832
85 112656.72489801893
86 114203.48346412505
87 112656.72489178875
88 114203.48345925039
89 112656.72488797423
90 114203.48345626476
91 112656.724885637
92 114203.48345443513
93 112656.72488420442
94 114203.48345331333
95 112656.7248833261
96 114203.48345262522
97 112656.72488278698
98 114203.48345220294
99 112656.72488245611
100 114203.48345194367
101 112656.72488225289
102 114203.48345178428
103 112656.72488212814
104 114203.48345168661
105 112656.72488205138
106 114203.48345162645
107 112656.72488200413
108 114203.48345158937
109 112656.72488197513
110 114203.4834515666
111 112656.72488195736
112 114203.48345155257
113 112656.72488194621
114 114203.4834515439
115 112656.7248819397
116 114203.48345153863
117 112656.72488193552
118 114203.48345153542
119 112656.72488193287
120 114203.48345153336
121 112656.72488193125
122 114203.48345153214
123 112656.72488193028
124 114203.48345153144
125 112656.72488192965
126 114203.48345153095
127 112656.7248819293
128 114203.48345153061
129 112656.72488192913
130 114203.48345153045
131 112656.7248819289
132 114203.48345153032
133 112656.72488192879
134 114203.48345153026
135 112656.72488192875
136 114203.48345153022
137 112656.72488192873
138 114203.48345153019
139 112656.72488192869
140 114203.48345153018
141 112656.72488192868
142 114203.48345153015
143 112656.72488192868
144 114203.48345153015
