0 114203.48345153015
1 109937.77150310438
2 100729.1249224144
3 90619.86456642424
4 88471.77972928617
5 82834.71411801636
6 83522.11974092125
7 79684.61250057649
8 81515.25908599798
9 78404.77310201185
10 80698.22346221113
11 77882.64756571683
12 80364.21462175903
13 77668.75768909177
14 80227.10390980553
15 77580.77432375612
16 80170.58725897897
17 77544.43330729613
18 80147.19564542625
19 77529.36158355915
20 80137.47484517125
21 77523.08571652924
22 80133.41906964351
23 77520.4621143291
24 80131.72027449288
25 77519.36108806691
26 80131.00600461631
27 77518.89728990656
28 80130.70457113332
29 77518.70120541862
30 80130.57690446623
31 77518.61801230266
32 80130.52264622375
33 77518.58259583602
34 80130.4995096788
35 77518.56746935041
36 80130.48961239024
37 77518.56098859855
38 80130.48536562857
39 77518.55820372146
40 80130.48353810907
41 77518.55700361944
42 80130.48274949043
43 77518.5564850571
44 80130.48240828792
45 77518.55626041371
46 80130.48226029612
47 77518.55616286147
48 80130.48219595554
49 77518.55612040205
50 80130.48216792059
51 77518.55610188149
52 80130.48215567946
53 77518.55609378657
54 80130.48215032382
55 77518.55609024169
56 80130.48214797626
57 77518.55608868653
58 80130.48214694561
59 77518.5560880031
60 80130.48214649227
61 77518.5560877022
62 80130.48214629247
63 77518.55608756968
64 80130.48214620426
65 77518.55608751123
66 80130.48214616552
67 77518.55608748537
68 80130.48214614834
69 77518.5560874738
70 80130.4821461407
71 77518.55608746877
72 80130.48214613735
73 77518.55608746652
74 80130.4821461358
75 77518.55608746545
76 80130.4821461352
77 77518.55608746495
78 80130.48214613492
79 77518.55608746475
80 80130.48214613473
81 77518.55608746463
82 80130.48214613469
83 77518.5560874646
84 80130.48214613467
85 77518.55608746459
86 80130.48214613467
87 77518.55608746459
88 80130.48214613467
89 77518.55608746459
90 80130.48214613467
91 77518.55608746459
92 80130.48214613467
93 77518.55608746459
94 80130.48214613467
95 77518.55608746459
96 80130.48214613467
97 77518.55608746459
98 80130.48214613467
99 77518.55608746459
100 80130.48214613467
101 77518.55608746459
102 80130.48214613467
103 77518.55608746459
104 80130.48214613467
105 77518.55608746459
106 80130.48214613467
107 77518.55608746459
108 80130.48214613467
109 77518.55608746459
110 80130.48214613467
111 77518.55608746459
112 80130.48214613467
113 77518.55608746459
114 80130.48214613467
115 77518.55608746459
116 80130.48214613467
117 77518.55608746459
118 80130.48214613467
119 77518.55608746459
120 80130.48214613467
121 77518.55608746459
122 80130.48214613467
123 77518.55608746459
124 80130.48214613467
125 77518.55608746459
126 80130.48214613467
127 77518.55608746459
128 80130.48214613467
129 77518.55608746459
130 80130.48214613467
131 77518.55608746459
132 80130.48214613467
133 77518.55608746459
134 80130.48214613467
135 77518.55608746459
136 80130.48214613467
137 77518.55608746459
138 80130.48214613467
139 77518.55608746459
140 80130.48214613467
141 77518.55608746459
142 80130.48214613467
143 77518.55608746459
144 80130.48214613467
