0 80130.48214613467
1 89091.79783001443
2 88726.39987175413
3 84433.87111631765
4 85765.03279773766
5 82551.04074190513
6 84567.90931433722
7 81789.90156861403
8 84083.98862934418
9 81482.25231153693
10 83888.42207603886
11 81357.95133657953
12 83809.43089925777
13 81307.76470151011
14 83777.55351320114
15 81287.52331351495
16 83764.7054812495
17 81279.37167132595
18 83759.53612294569
19 81276.09540584052
20 83757.46103259653
21 81274.78208410378
22 83756.63053613112
23 81274.25741166744
24 83756.2994294825
25 81274.0487151235
26 83756.16807020862
27 81273.96616358304
28 83756.11628354194
29 81273.93374196858
30 83756.09603219168
31 81273.92112560704
32 83756.08819595602
33 81273.9162752456
34 83756.08520580745
35 81273.914440531
36 83756.08408627854
37 81273.91376190424
38 83756.08367818446
39 81273.91351888611
40 83756.083535229
41 81273.91343610223
42 83756.08348827557
43 81273.91341022459
44 83756.08347460144
45 81273.91340347093
46 83756.08347166123
47 81273.91340254505
48 83756.08347172958
49 81273.91340304587
50 83756.08347236569
51 81273.91340367115
52 83756.08347291657
53 81273.91340412782
54 83756.0834732808
55 81273.91340441033
56 83756.08347349596
57 81273.91340457184
58 83756.08347361561
59 81273.91340465951
60 83756.08347367952
61 81273.91340470582
62 83756.0834737129
63 81273.91340472977
64 83756.0834737297
65 81273.91340474166
66 83756.08347373837
67 81273.91340474797
68 83756.08347374262
69 81273.91340475093
70 83756.08347374483
71 81273.91340475233
72 83756.08347374585
73 81273.91340475316
74 83756.0834737465
75 81273.91340475345
76 83756.08347374678
77 81273.91340475359
78 83756.08347374688
79 81273.91340475365
80 83756.08347374691
81 81273.91340475371
82 83756.08347374694
83 81273.91340475374
84 83756.08347374696
85 81273.91340475375
86 83756.08347374696
87 81273.91340475375
88 83756.08347374696
89 81273.91340475375
90 83756.08347374696
91 81273.91340475375
92 83756.08347374696
93 81273.91340475375
94 83756.08347374696
95 81273.91340475375
96 83756.08347374696
97 81273.91340475375
98 83756.08347374696
99 81273.91340475375
100 83756.08347374696
101 81273.91340475375
102 83756.08347374696
103 81273.91340475375
104 83756.08347374696
105 81273.91340475375
106 83756.08347374696
107 81273.91340475375
108 83756.08347374696
109 81273.91340475375
110 83756.08347374696
111 81273.91340475375
112 83756.08347374696
113 81273.91340475375
114 83756.08347374696
115 81273.91340475375
116 83756.08347374696
117 81273.91340475375
118 83756.08347374696
119 81273.91340475375
120 83756.08347374696
121 81273.91340475375
122 83756.08347374696
123 81273.91340475375
124 83756.08347374696
125 81273.91340475375
126 83756.08347374696
127 81273.91340475375
128 83756.08347374696
129 81273.91340475375
130 83756.08347374696
131 81273.91340475375
132 83756.08347374696
133 81273.91340475375
134 83756.08347374696
135 81273.91340475375
136 83756.08347374696
137 81273.91340475375
138 83756.08347374696
139 81273.91340475375
140 83756.08347374696
141 81273.91340475375
142 83756.08347374696
143 81273.91340475375
144 83756.08347374696
