0 83756.08347374696
1 90295.29122260699
2 87923.2589702666
3 82160.48754380335
4 82835.35718822946
5 78976.21670670316
6 80841.17675100932
7 77726.51727529288
8 80057.50026267934
9 77234.7477661127
10 79748.69600738239
11 77040.70155774569
12 79626.67615250876
13 76963.91901418247
14 79578.32528660903
15 76933.4499693755
16 79559.11078076351
17 76921.32394908229
18 79551.45254277241
19 76916.48374540055
20 79548.39110635301
21 76914.54591309708
22 79547.16355722572
23 76913.7677052531
24 79546.66982835422
25 76913.45421814833
26 79546.47062759893
27 76913.32753927597
28 79546.39000423315
29 76913.27618664988
30 79546.35726935751
31 76913.25530301034
32 79546.34393567489
33 76913.24678293828
34 79546.3384870578
35 76913.24329571617
36 79546.33625336504
37 76913.24186379908
38 79546.33533468796
39 76913.24127392696
40 79546.33495563288
41 76913.24103014808
42 79546.33479872765
43 76913.24092907764
44 79546.33473357114
45 76913.24088704024
46 79546.33470642842
47 76913.2408695008
48 79546.33469508568
49 76913.24086216024
50 79546.33469033136
51 76913.24085907836
52 79546.33468833225
53 76913.24085778077
54 79546.33468748922
55 76913.2408572326
56 79546.33468713266
57 76913.2408570004
58 79546.33468698146
59 76913.24085690184
60 79546.33468691722
61 76913.24085685983
62 79546.33468688987
63 76913.24085684202
64 79546.33468687789
65 76913.24085683432
66 79546.33468687293
67 76913.24085683102
68 79546.33468687069
69 76913.24085682958
70 79546.33468686981
71 76913.24085682906
72 79546.33468686936
73 76913.24085682878
74 79546.33468686922
75 76913.2408568287
76 79546.33468686914
77 76913.24085682866
78 79546.3346868691
79 76913.24085682865
80 79546.33468686909
81 76913.24085682863
82 79546.33468686909
83 76913.24085682862
84 79546.33468686909
85 76913.24085682862
86 79546.33468686909
87 76913.24085682862
88 79546.33468686909
89 76913.24085682862
90 79546.33468686909
91 76913.24085682862
92 79546.33468686909
93 76913.24085682862
94 79546.33468686909
95 76913.24085682862
96 79546.33468686909
97 76913.24085682862
98 79546.33468686909
99 76913.24085682862
100 79546.33468686909
101 76913.24085682862
102 79546.33468686909
103 76913.24085682862
104 79546.33468686909
105 76913.24085682862
106 79546.33468686909
107 76913.24085682862
108 79546.33468686909
109 76913.24085682862
110 79546.33468686909
111 76913.24085682862
112 79546.33468686909
113 76913.24085682862
114 79546.33468686909
115 76913.24085682862
116 79546.33468686909
117 76913.24085682862
118 79546.33468686909
119 76913.24085682862
120 79546.33468686909
121 76913.24085682862
122 79546.33468686909
123 76913.24085682862
124 79546.33468686909
125 76913.24085682862
126 79546.33468686909
127 76913.24085682862
128 79546.33468686909
129 76913.24085682862
130 79546.33468686909
131 76913.24085682862
132 79546.33468686909
133 76913.24085682862
134 79546.33468686909
135 76913.24085682862
136 79546.33468686909
137 76913.24085682862
138 79546.33468686909
139 76913.24085682862
140 79546.33468686909
141 76913.24085682862
142 79546.33468686909
143 76913.24085682862
144 79546.33468686909
