0 79546.33468686909
1 89911.52069442823
2 91076.05333362798
3 88065.34634875305
4 89908.06364812942
5 87329.26221489902
6 89446.26583514866
7 87041.08643253581
8 89267.57713163031
9 86931.13625614063
10 89200.55814855799
11 86890.7642928808
12 89176.60240184283
13 86876.82974636205
14 89168.71583034298
15 86872.54050871127
16 89166.5257847065
17 86871.54386837945
18 89166.18254118747
19 86871.53793690438
20 89166.33345943944
21 86871.74627801118
22 89166.54736905266
23 86871.9411726904
24 89166.7137797395
25 86872.07758791304
26 89166.82252708766
27 86872.16253860854
28 89166.88787676855
29 86872.21220973441
30 89166.92526932439
31 86872.24013845764
32 89166.9459936856
33 86872.25543259428
34 89166.95722778518
35 86872.2636513722
36 89166.96321969849
37 86872.26800655258
38 89166.96637681326
39 86872.27028980674
40 89166.96802464778
41 86872.27147685285
42 89166.96887834123
43 86872.27208989635
44 89166.96931798443
45 86872.27240480634
46 89166.96954330461
47 86872.27256586587
48 89166.96965832729
49 86872.27264794396
50 89166.96971685375
51 86872.27268964853
52 89166.96974655325
53 86872.27271078674
54 89166.96976159072
55 86872.27272147899
56 89166.96976918976
57 86872.27272687801
58 89166.96977302438
59 86872.27272960026
60 89166.96977495641
61 86872.27273097145
62 89166.96977592903
63 86872.2727316612
64 89166.9697764182
65 86872.27273200784
66 89166.96977666393
67 86872.27273218209
68 89166.96977678742
69 86872.27273226972
70 89166.96977684942
71 86872.27273231346
72 89166.96977688059
73 86872.27273233543
74 89166.96977689616
75 86872.2727323465
76 89166.96977690388
77 86872.27273235215
78 89166.96977690766
79 86872.27273235472
80 89166.96977690977
81 86872.27273235623
82 89166.96977691072
83 86872.27273235691
84 89166.96977691124
85 86872.27273235728
86 89166.96977691144
87 86872.2727323576
88 89166.96977691153
89 86872.27273235765
90 89166.96977691162
91 86872.27273235768
92 89166.96977691165
93 86872.27273235771
94 89166.96977691165
95 86872.27273235771
96 89166.96977691165
97 86872.27273235771
98 89166.96977691166
99 86872.27273235773
100 89166.96977691166
101 86872.27273235773
102 89166.96977691166
103 86872.27273235773
104 89166.96977691166
105 86872.27273235773
106 89166.96977691166
107 86872.27273235773
108 89166.96977691166
109 86872.27273235773
110 89166.96977691166
111 86872.27273235773
112 89166.96977691166
113 86872.27273235773
114 89166.96977691166
115 86872.27273235773
116 89166.96977691166
117 86872.27273235773
118 89166.96977691166
119 86872.27273235773
120 89166.96977691166
121 86872.27273235773
122 89166.96977691166
123 86872.27273235773
124 89166.96977691166
125 86872.27273235773
126 89166.96977691166
127 86872.27273235773
128 89166.96977691166
129 86872.27273235773
130 89166.96977691166
131 86872.27273235773
132 89166.96977691166
133 86872.27273235773
134 89166.96977691166
135 86872.27273235773
136 89166.96977691166
137 86872.27273235773
138 89166.96977691166
139 86872.27273235773
140 89166.96977691166
141 86872.27273235773
142 89166.96977691166
143 86872.27273235773
144 89166.96977691166
