0 89166.96977691166
1 100631.05197614498
2 105118.68715935244
3 105804.69298305761
4 109033.7856452547
5 108770.58705083704
6 111282.97656837896
7 110478.0274498021
8 112580.46586058146
9 111464.96840856121
10 113331.91163165573
11 112037.64960977761
12 113768.75586490535
13 112371.17444162391
14 114023.61902565464
15 112566.0927818739
16 114172.81412028773
17 112680.38116677856
18 114260.43043112362
19 112747.60029459251
20 114312.03827321877
21 112787.25032166133
22 114342.521888484
23 112810.70206284057
24 114360.57533043025
25 112824.60838006875
26 114371.29354847099
27 112832.87413967021
28 114377.67154569666
29 112837.79815232236
30 114381.47501082817
31 112840.73754488605
32 114383.74773276954
33 112842.4956244565
34 114385.10832335526
35 112843.54905659027
36 114385.92428459514
37 112844.1813378443
38 114386.41442789468
39 112844.56144165903
40 114386.70930592009
41 112844.79028509527
42 114386.88696419216
43 112844.92825316342
44 114386.99414409461
45 112845.0115417313
46 114387.05888674987
47 112845.06188306093
48 114387.0980414656
49 112845.09234552272
50 114387.12174777268
51 112845.11079896604
52 114387.13611596944
53 112845.12198910123
54 114387.14483310192
55 112845.12878136095
56 114387.15012674358
57 112845.13290795492
58 114387.15334427865
59 112845.13541722193
60 114387.15530159044
61 112845.13694429706
62 114387.15649323327
63 112845.1378743656
64 114387.1572192802
65 112845.1384412486
66 114387.15766197006
67 112845.13878701376
68 114387.15793207748
69 112845.13899805314
70 114387.15809699275
71 112845.13912694587
72 114387.15819774712
73 112845.13920571608
74 114387.1582593391
75 112845.1392538835
76 114387.15829701303
77 112845.13928335428
78 114387.15832006997
79 112845.13930139558
80 114387.15833418873
81 112845.1393124458
82 114387.15834283846
83 112845.13931921736
84 114387.1583481405
85 112845.13932336924
86 114387.15835139173
87 112845.1393259156
88 114387.15835338656
89 112845.13932747854
90 114387.15835461082
91 112845.13932843777
92 114387.15835536271
93 112845.13932902711
94 114387.15835582465
95 112845.13932938922
96 114387.1583561084
97 112845.13932961163
98 114387.15835628292
99 112845.13932974862
100 114387.15835639014
101 112845.13932983277
102 114387.15835645623
103 112845.13932988461
104 114387.1583564969
105 112845.1393299164
106 114387.15835652196
107 112845.13932993604
108 114387.15835653736
109 112845.1393299482
110 114387.15835654688
111 112845.13932995556
112 114387.15835655275
113 112845.13932996018
114 114387.15835655636
115 112845.13932996307
116 114387.1583565585
117 112845.13932996479
118 114387.15835655991
119 112845.13932996582
120 114387.15835656063
121 112845.13932996643
122 114387.1583565612
123 112845.13932996689
124 114387.15835656157
125 112845.13932996712
126 114387.15835656176
127 112845.13932996726
128 114387.15835656188
129 112845.13932996735
130 114387.15835656201
131 112845.13932996741
132 114387.15835656204
133 112845.13932996747
134 114387.15835656208
135 112845.1393299675
136 114387.1583565621
137 112845.1393299675
138 114387.1583565621
139 112845.1393299675
140 114387.15835656211
141 112845.1393299675
142 114387.15835656211
143 112845.1393299675
144 114387.15835656211
