0 114387.15835656211
1 117483.37401413827
2 114969.78274644946
3 110052.17707182796
4 109668.0549455188
5 106266.35989509345
6 106962.2890955286
7 104330.76838159624
8 105576.38101130242
9 103337.52339642246
10 104863.8836152488
11 102825.93754338277
12 104496.20770140934
13 102561.43736920961
14 104305.74794227995
15 102424.15999195521
16 104206.70699272303
17 102352.63597242287
18 104155.00454025388
19 102315.22552488862
20 104127.90903828893
21 102295.58180928633
22 104113.6539008731
23 102285.2270668488
24 104106.12510185943
25 102279.74772231946
26 104102.13351465708
27 102276.83717966398
28 104100.00924077733
29 102275.28532249082
30 104098.87450734725
31 102274.45483584728
32 104098.26614309804
33 102274.00878724382
34 104097.938815131
35 102273.76837245417
36 104097.76208489515
37 102273.6383475929
38 104097.66634303372
39 102273.5677920495
40 104097.61430654897
41 102273.52938367879
42 104097.58593530228
43 102273.50841075783
44 104097.57041998391
45 102273.49692454221
46 104097.56191054509
47 102273.49061604774
48 104097.55723055957
49 102273.48714188226
50 104097.55464986405
51 102273.48522367058
52 104097.5532231955
53 102273.4841619514
54 104097.55243260847
55 102273.48357292269
56 104097.55199350818
57 102273.48324541238
58 104097.55174910119
59 102273.48306292872
60 104097.55161278449
61 102273.48296104999
62 104097.55153660759
63 102273.48290406505
64 104097.55149396056
65 102273.48287213479
66 104097.55147004398
67 102273.48285421336
68 104097.55145660951
69 102273.48284413887
70 104097.5514490518
71 102273.4828384669
72 104097.5514447938
73 102273.48283526927
74 104097.55144239165
75 102273.48283346409
76 104097.55144103486
77 102273.48283244399
78 104097.55144026733
79 102273.48283186638
80 104097.55143983291
81 102273.48283153948
82 104097.5514395865
83 102273.48283135389
84 104097.5514394469
85 102273.48283124868
86 104097.55143936732
87 102273.48283118861
88 104097.55143932218
89 102273.48283115469
90 104097.55143929673
91 102273.48283113525
92 104097.55143928214
93 102273.48283112426
94 104097.55143927374
95 102273.48283111789
96 104097.55143926892
97 102273.4828311144
98 104097.55143926629
99 102273.48283111228
100 104097.55143926475
101 102273.48283111116
102 104097.5514392639
103 102273.48283111054
104 104097.55143926345
105 102273.48283111025
106 104097.55143926317
107 102273.48283111
108 104097.551439263
109 102273.48283110988
110 104097.55143926291
111 102273.48283110981
112 104097.55143926285
113 102273.48283110972
114 104097.55143926282
115 102273.48283110971
116 104097.55143926282
117 102273.4828311097
118 104097.55143926282
119 102273.4828311097
120 104097.55143926282
121 102273.4828311097
122 104097.55143926282
123 102273.4828311097
124 104097.55143926282
125 102273.4828311097
126 104097.55143926282
127 102273.4828311097
128 104097.55143926282
129 102273.4828311097
130 104097.55143926282
131 102273.4828311097
132 104097.55143926282
133 102273.4828311097
134 104097.55143926282
135 102273.4828311097
136 104097.55143926282
137 102273.4828311097
138 104097.55143926282
139 102273.4828311097
140 104097.55143926282
141 102273.4828311097
142 104097.55143926282
143 102273.4828311097
144 104097.55143926282
