0 104097.55143926282
1 105670.16892779816
2 100703.05176581985
3 93481.88630909131
4 92685.19138579359
5 88202.60683159641
6 89205.8620426563
7 85907.38126473651
8 87690.31977548209
9 84905.70556855925
10 87027.63678972943
11 84466.86484206584
12 86736.74404933315
13 84273.85221479196
14 86608.55023808604
15 84188.62504075034
16 86551.83241231854
17 84150.84244009921
18 86526.63854696033
19 84134.02623873486
20 86515.40310517972
21 84126.51208363015
22 86510.37277994813
23 84123.14126315426
24 86508.11180285773
25 84121.62325322234
26 86507.09164465872
27 84120.93702105428
28 86506.62960305814
29 84120.62563939243
30 86506.41956301565
31 84120.48383060431
32 86506.32373538121
33 84120.41901802646
34 86506.27986182558
35 84120.38929347809
36 86506.25970647846
37 84120.37561551547
38 86506.25041677125
39 84120.36930121305
40 86506.24612155923
41 84120.36637724409
42 86506.24412958894
43 84120.3650192189
44 86506.24320309932
45 84120.36438669938
46 86506.24277098262
47 84120.36409129667
48 86506.24256891018
49 84120.36395298045
50 86506.24247417657
51 84120.36388805797
52 86506.2424296586
53 84120.3638575144
54 86506.242408691
55 84120.36384311318
56 86506.24239879443
57 84120.36383630868
58 86506.24239411375
59 84120.3638330875
60 86506.2423918959
61 84120.36383155957
62 86506.24239084293
63 84120.36383083364
64 86506.24239034232
65 84120.36383048834
66 86506.24239010377
67 84120.36383032356
68 86506.24238999009
69 84120.363830245
70 86506.24238993567
71 84120.36383020743
72 86506.24238990969
73 84120.36383018941
74 86506.24238989723
75 84120.36383018072
76 86506.24238989121
77 84120.36383017656
78 86506.24238988846
79 84120.36383017455
80 86506.24238988708
81 84120.36383017366
82 86506.24238988642
83 84120.36383017317
84 86506.24238988613
85 84120.36383017295
86 86506.24238988599
87 84120.3638301728
88 86506.24238988591
89 84120.36383017273
90 86506.24238988588
91 84120.36383017272
92 86506.24238988587
93 84120.3638301727
94 86506.24238988587
95 84120.36383017269
96 86506.24238988587
97 84120.36383017269
98 86506.24238988587
99 84120.36383017269
100 86506.24238988587
101 84120.36383017269
102 86506.24238988587
103 84120.36383017269
104 86506.24238988587
105 84120.36383017269
106 86506.24238988587
107 84120.36383017269
108 86506.24238988587
109 84120.36383017269
110 86506.24238988587
111 84120.36383017269
112 86506.24238988587
113 84120.36383017269
114 86506.24238988587
115 84120.36383017269
116 86506.24238988587
117 84120.36383017269
118 86506.24238988587
119 84120.36383017269
120 86506.24238988587
121 84120.36383017269
122 86506.24238988587
123 84120.36383017269
124 86506.24238988587
125 84120.36383017269
126 86506.24238988587
127 84120.36383017269
128 86506.24238988587
129 84120.36383017269
130 86506.24238988587
131 84120.36383017269
132 86506.24238988587
133 84120.36383017269
134 86506.24238988587
135 84120.36383017269
136 86506.24238988587
137 84120.36383017269
138 86506.24238988587
139 84120.36383017269
140 86506.24238988587
141 84120.36383017269
142 86506.24238988587
143 84120.36383017269
144 86506.24238988587
