20
0.08696676733849965 1.5654018120929936 8.696676733849964 300000.0 70.0 50.0 50.0 50.0 0.07827009060464968
0.15189454544957262 2.734101818092307 15.189454544957261 300000.0 70.0 50.0 50.0 50.0 0.13670509090461536
0.038930895953133315 0.7007561271563996 3.893089595313331 300000.0 70.0 50.0 50.0 50.0 0.03503780635781998
0.05896689356030818 1.0614040840855472 5.896689356030818 300000.0 70.0 50.0 50.0 50.0 0.053070204204277355
0.19014430263903737 3.4225974475026724 19.014430263903733 300000.0 70.0 50.0 50.0 50.0 0.1711298723751336
0.10153001769496833 1.8275403185094299 10.153001769496832 300000.0 70.0 50.0 50.0 50.0 0.09137701592547148
0.07183003457398611 1.2929406223317501 7.183003457398611 300000.0 70.0 50.0 50.0 50.0 0.0646470311165875
0.14473538906433858 2.6052370031580945 14.473538906433859 300000.0 70.0 50.0 50.0 50.0 0.13026185015790473
0.270266661675621 4.864799910161179 27.026666167562105 300000.0 70.0 50.0 50.0 50.0 0.24323999550805891
0.047724120926595504 0.859034176678719 4.7724120926595495 300000.0 70.0 50.0 50.0 50.0 0.042951708833935946
0.05265478894171405 0.9477862009508529 5.265478894171405 300000.0 70.0 50.0 50.0 50.0 0.04738931004754264
0.2870003360954931 5.166006049718876 28.70003360954931 300000.0 70.0 50.0 50.0 50.0 0.25830030248594377
0.24851362716468925 4.4732452889644065 24.851362716468923 300000.0 70.0 50.0 50.0 50.0 0.2236622644482203
0.21554242874350457 3.879763717383082 21.554242874350457 300000.0 70.0 50.0 50.0 50.0 0.1939881858691541
0.2084382321984263 3.7518881795716736 20.84382321984263 300000.0 70.0 50.0 50.0 50.0 0.18759440897858365
0.26175850030696834 4.71165300552543 26.175850030696832 300000.0 70.0 50.0 50.0 50.0 0.23558265027627148
0.1584939854856135 2.8528917387410426 15.849398548561348 300000.0 70.0 50.0 50.0 50.0 0.14264458693705212
0.15006499665733114 2.7011699398319604 15.006499665733113 300000.0 70.0 50.0 50.0 50.0 0.135058496991598
0.2664505261054654 4.796109469898377 26.645052610546536 300000.0 70.0 50.0 50.0 50.0 0.23980547349491882
0.19701371482059946 3.54624686677079 19.701371482059944 300000.0 70.0 50.0 50.0 50.0 0.17731234333853949
