0 0 300000.0
1 0 428950.96607895015
2 0 505568.0781096332
3 0 558681.746017062
4 0 592522.1330752715
5 0 619725.6433344671
6 0 642381.3605351893
7 0 658795.0749202069
8 0 674734.1877528833
9 0 686962.333439069
10 0 700290.2986584947
11 0 710887.7066736283
12 0 723196.1057784157
13 0 733155.3567813502
14 0 745063.8827999269
15 0 754772.2918096908
16 0 766523.2882689242
17 0 776132.6580454079
18 0 787821.3190872897
19 0 797391.4114205143
20 0 809055.2965308178
21 0 818609.7432610412
22 0 830263.7376804373
23 0 839811.9250660302
24 0 851461.9540183495
25 0 861007.6265202935
26 0 872656.0588810779
27 0 882200.7167336938
28 0 893848.5036219448
29 0 903392.750445794
30 0 915040.2753396555
31 0 924584.3550046339
32 0 936231.7731463555
33 0 945775.7845734918
34 0 957423.1590568882
35 0 966967.1425268434
36 0 978614.4990919863
37 0 988158.4710681081
38 0 999805.8202543455
39 0 1009349.7874894842
40 0 1020997.1336272301
41 0 1030541.0989006631
42 0 1042188.4437751167
43 0 1051732.4082344342
44 0 1063379.7525838672
45 0 1072923.716704374
46 0 1084571.0608350108
47 0 1094115.0248141435
48 0 1105762.3688533702
49 0 1115306.3327733588
50 0 1126953.6767742995
51 0 1136497.6406694837
52 0 1148144.984654353
53 0 1157688.9485391197
54 0 1169336.2925172306
55 0 1178880.2563976096
56 0 1190527.6003728672
57 0 1200071.5642513975
58 0 1211718.908225451
59 0 1221262.8721031938
60 0 1232910.2160767387
61 0 1242454.1799541528
62 0 1254101.5239274853
63 0 1263645.4878047574
64 0 1275292.8317779975
65 0 1284836.7956552065
66 0 1296484.1396284087
67 0 1306028.103505595
68 0 1317675.447478778
69 0 1327219.4113559523
70 0 1338866.7553291293
71 0 1348410.7192062966
72 0 1360058.063179471
73 0 1369602.0270566372
74 0 1381249.3710298098
75 0 1390793.3349069748
76 0 1402440.6788801472
77 0 1411984.6427573122
78 0 1423631.9867304843
79 0 1433175.9506076493
80 0 1444823.294580821
81 0 1454367.258457986
82 0 1466014.6024311576
83 0 1475558.5663083221
84 0 1487205.9102814938
85 0 1496749.8741586583
86 0 1508397.21813183
87 0 1517941.1820089945
88 0 1529588.5259821662
89 0 1539132.4898593307
90 0 1550779.8338325024
91 0 1560323.797709667
92 0 1571971.1416828386
93 0 1581515.105560003
94 0 1593162.4495331747
95 0 1602706.4134103393
96 0 1614353.757383511
97 0 1623897.7212606755
98 0 1635545.0652338471
99 0 1645089.0291110117
100 0 1656736.3730841833
101 0 1666280.3369613478
102 0 1677927.6809345195
103 0 1687471.644811684
104 0 1699118.9887848557
105 0 1708662.9526620202
106 0 1720310.296635192
107 0 1729854.2605123564
108 0 1741501.604485528
109 0 1751045.5683626926
110 0 1762692.9123358643
111 0 1772236.8762130288
112 0 1783884.2201862005
113 0 1793428.184063365
114 0 1805075.5280365366
115 0 1814619.4919137012
116 0 1826266.8358868728
117 0 1835810.7997640374
118 0 1847458.143737209
119 0 1857002.1076143736
120 0 1868649.4515875452
121 0 1878193.4154647097
122 0 1889840.7594378814
123 0 1899384.723315046
124 0 1911032.0672882176
125 0 1920576.0311653821
126 0 1932223.3751385538
127 0 1941767.3390157183
128 0 1953414.68298889
129 0 1962958.6468660545
130 0 1974605.9908392262
131 0 1984149.9547163907
132 0 1995797.2986895624
133 0 2005341.262566727
134 0 2016988.6065398986
135 0 2026532.570417063
136 0 2038179.9143902347
137 0 2047723.8782673993
138 0 2059371.222240571
139 0 2068915.1861177355
140 0 2080562.5300909071
141 0 2090106.4939680716
142 0 2101753.8379412396
143 0 2111297.8018184025
144 0 2122945.145791578
0 1 300000.0
1 1 300297.20916613715
2 1 303537.5680539694
3 1 307573.20386609563
4 1 311104.128056097
5 1 315935.10584718053
6 1 320128.82456021995
7 1 325512.75039224915
8 1 330168.28753545054
9 1 335938.3492674814
10 1 340917.1009460898
11 1 346958.0087295404
12 1 352163.97360108834
13 1 358395.7004824079
14 1 363762.0949936589
15 1 370128.8482049382
16 1 375609.010533589
17 1 382071.72213544155
18 1 387632.9066534909
19 1 394164.10032926174
20 1 399783.2271421954
21 1 406363.4950881535
22 1 412024.22680151823
23 1 418639.8017094455
24 1 424330.5246237815
25 1 430971.5993531128
26 1 436684.0233836944
27 1 443343.58315005986
28 1 449071.766714943
29 1 455744.7740131513
30 1 461484.44200060994
31 1 468167.2652928886
32 1 473915.32998860814
33 1 480605.3415543644
34 1 486359.5647080018
35 1 493054.8563764435
36 1 498813.6098301321
37 1 505512.7912071007
38 1 511274.88664218923
39 1 517976.94130860735
40 1 523741.5086655849
41 1 530445.6912843776
42 1 536212.0916005544
43 1 542917.8540099757
44 1 548685.6166940124
45 1 555392.5546229172
46 1 561161.3321491427
47 1 567869.1466615199
48 1 573638.6817305301
49 1 580347.151231009
50 1 586117.2528855152
51 1 592826.2127255453
52 1 598596.7389230222
53 1 605306.0664969404
54 1 611076.9113541251
55 1 617786.515174405
56 1 623557.5996038149
57 1 630267.4112700854
58 1 636038.6760872595
59 1 642748.6443665496
60 1 648520.0452026459
61 1 655230.1316545762
62 1 661001.6351920585
63 1 667711.810927905
64 1 673483.3921086364
65 1 680193.6353849055
66 1 685965.2753348143
67 1 692675.5697624977
68 1 698447.254245658
69 1 705157.5874550057
70 1 710929.3057197923
71 1 717639.6683627531
72 1 723411.4122790258
73 1 730121.7972826416
74 1 735893.5606954155
75 1 742603.9627020624
76 1 748375.7409465382
77 1 755086.1558935945
78 1 760857.9454306896
79 1 767568.370234395
80 1 773340.1683764624
81 1 780050.6006938425
82 1 785822.4053979134
83 1 792532.8434472069
84 1 798304.6531589983
85 1 805015.0955840726
86 1 810786.9091200988
87 1 817497.354887939
88 1 823269.1713463436
89 1 829979.6196694403
90 1 835751.4383624453
91 1 842461.8886400213
92 1 848233.7090427484
93 1 854944.1608161522
94 1 860715.9825277554
95 1 867426.4354466102
96 1 873198.2581607763
97 1 879908.7119572421
98 1 885680.5354397405
99 1 892390.9899089535
100 1 898162.8139805752
101 1 904873.2689657436
102 1 910645.093489295
103 1 917355.5488703602
104 1 923127.3737407605
105 1 929837.8294257333
106 1 935609.6545624479
107 1 942320.1104808163
108 1 948091.9358220983
109 1 954802.3919197863
110 1 960574.2174182689
111 1 967284.673653781
112 1 973056.4992731146
113 1 979766.9556146007
114 1 985538.7813268732
115 1 992249.237749875
116 1 998021.0635336456
117 1 1004731.5200193712
118 1 1010503.3458581707
119 1 1017213.8023921716
120 1 1022985.6282733324
121 1 1029696.0848445079
122 1 1035467.9107582916
123 1 1042178.3673580998
124 1 1047950.193297015
125 1 1054660.6499188885
126 1 1060432.4758771737
127 1 1067142.9325160494
128 1 1072914.7584892649
129 1 1079625.2151412477
130 1 1085397.0411259693
131 1 1092107.497788057
132 1 1097879.3237816533
133 1 1104589.780451535
134 1 1110361.6064519805
135 1 1117072.0631278784
136 1 1122843.889133605
137 1 1129554.3458141433
138 1 1135326.17182395
139 1 1142036.6285080682
140 1 1147808.454521023
141 1 1154518.9112079097
142 1 1160290.7372232946
143 1 1167001.1939123187
144 1 1172773.0199295818
0 2 300000.0
1 2 312340.43014326465
2 2 328218.4126253236
3 2 346130.113241555
4 2 359348.6026664373
5 2 375275.4731198785
6 2 387011.03308715706
7 2 401828.7519373216
8 2 412733.8214798424
9 2 426929.0235499269
10 2 437366.9617337748
11 2 451211.2530101449
12 2 461385.3018781836
13 2 475030.9327464266
14 2 485055.26783241594
15 2 498587.9531430907
16 2 508526.99218289903
17 2 521995.19586521207
18 2 531885.4388223843
19 2 545316.6792782366
20 2 555178.8947309237
21 2 568588.8625191461
22 2 578434.9167037179
23 2 591832.5948971587
24 2 601669.2950085431
25 2 615059.8470147703
26 2 624891.1133849784
27 2 638277.5185467086
28 2 648105.6174993309
29 2 661489.6013351235
30 2 671315.8478097846
31 2 684698.4132539055
32 2 694523.5728674256
33 2 707905.3048642197
34 2 717729.8248902884
35 2 731111.0657181301
36 2 740935.2082913959
37 2 754316.1588594633
38 2 764140.0780779393
39 2 777520.8566652803
40 2 787344.6433787097
41 2 800725.3198144123
42 2 810549.0277306364
43 2 823929.643349851
44 2 833753.3043015935
45 2 847133.8836340499
46 2 856957.5165346703
47 2 870338.0741716624
48 2 880161.6902843391
49 2 893542.2349247371
50 2 903365.8409713723
51 2 916746.3778120555
52 2 926569.977812469
53 2 939950.5099642776
54 2 949774.106326991
55 2 963154.6356555221
56 2 972978.2298262217
57 2 986358.7574522366
58 2 996182.350300142
59 2 1009562.8768980434
60 2 1019386.4689466029
61 2 1032766.9949228219
62 2 1042590.5864877279
63 2 1055971.1120875783
64 2 1065794.7033595596
65 2 1079175.228731284
66 2 1088998.8198255647
67 2 1102379.34505885
68 2 1112202.9360452485
69 2 1125583.461194436
70 2 1135407.052115269
71 2 1148787.5772133272
72 2 1158611.1680942732
73 2 1171991.6931612093
74 2 1181815.28401787
75 2 1195195.8090658516
76 2 1205019.3999077133
77 2 1218399.9249441354
78 2 1228223.5157769728
79 2 1241604.0408063459
80 2 1251427.631633671
81 2 1264808.1566587442
82 2 1274631.747482708
83 2 1288012.2725051453
84 2 1297835.8633270524
85 2 1311216.3883478849
86 2 1321039.9791685352
87 2 1334420.504188385
88 2 1344244.0950082627
89 2 1357624.6200275116
90 2 1367448.2108469217
91 2 1380828.7358657988
92 2 1390652.32668492
93 2 1404032.8517035705
94 2 1413856.442522515
95 2 1427236.9675410273
96 2 1437060.5583598614
97 2 1450441.0833782891
98 2 1460264.674197057
99 2 1473645.1992154329
100 2 1483468.7900341589
101 2 1496849.3150525042
102 2 1506672.905871205
103 2 1520053.4308895273
104 2 1529877.021708213
105 2 1543257.5467265232
106 2 1553081.1375451998
107 2 1566461.6625635042
108 2 1576285.2533821755
109 2 1589665.7784004747
110 2 1599489.3692191425
111 2 1612869.8942374384
112 2 1622693.485056104
113 2 1636074.010074398
114 2 1645897.6008930625
115 2 1659278.1259113564
116 2 1669101.7167300202
117 2 1682482.2417483134
118 2 1692305.8325669768
119 2 1705686.3575852697
120 2 1715509.9484039329
121 2 1728890.473422225
122 2 1738714.0642408882
123 2 1752094.58925918
124 2 1761918.180077843
125 2 1775298.7050961347
126 2 1785122.2959147976
127 2 1798502.8209330894
128 2 1808326.4117517523
129 2 1821706.936770044
130 2 1831530.5275887067
131 2 1844911.0526069985
132 2 1854734.6434256611
133 2 1868115.168443953
134 2 1877938.7592626156
135 2 1891319.2842809074
136 2 1901142.87509957
137 2 1914523.4001178618
138 2 1924346.9909365245
139 2 1937727.5159548162
140 2 1947551.106773479
141 2 1960931.6317917707
142 2 1970755.2226104334
143 2 1984135.7476287251
144 2 1993959.3384473878
0 3 300000.0
1 3 307086.66319404583
2 3 321255.99271388387
3 3 339357.1680722851
4 3 349731.5600888283
5 3 365424.8214264855
6 3 374269.846959264
7 3 388990.7643271552
8 3 397216.9630477742
9 3 411543.6394252609
10 3 419518.418023207
11 3 433684.5905148213
12 3 441556.799316484
13 3 455657.35690068686
14 3 463487.5477592547
15 3 477561.1704076692
16 3 485374.07723159075
17 3 499436.59737503476
18 3 507242.365129143
19 3 521300.2900691928
20 3 529103.0970341567
21 3 543159.1123558837
22 3 550960.6864479992
23 3 565015.9050263367
24 3 572816.9637206714
25 3 586871.848576444
26 3 594672.690977894
27 3 608727.4355177657
28 3 616528.186807633
29 3 630582.8721319167
30 3 638383.5849016502
31 3 652438.245146247
32 3 660238.941572974
33 3 674293.5911587249
34 3 682094.2806280067
35 3 696148.9256686629
36 3 703949.6121663986
37 3 718004.2552627643
38 3 725804.9404873793
39 3 739859.5827494825
40 3 747660.2674270156
41 3 761714.909330108
42 3 769515.5937718853
43 3 783570.2355200569
44 3 791370.9198599654
45 3 805425.5615411085
46 3 813226.2458368868
47 3 827280.8874889578
48 3 835081.5717655696
49 3 849136.2134050023
50 3 856936.8976732749
51 3 870991.5393072003
52 3 878792.2235718329
53 3 892846.8652033511
54 3 900647.5494663952
55 3 914702.1910968638
56 3 922502.8753592115
57 3 936557.5169892185
58 3 944358.2012512618
59 3 958412.8428810666
60 3 966213.5271429752
61 3 980268.1687726899
62 3 988068.8530345388
63 3 1002123.4946642149
64 3 1009924.1789260379
65 3 1023978.8205556961
66 3 1031779.5048175076
67 3 1045834.1464471588
68 3 1053634.8307089105
69 3 1067689.472338508
70 3 1075490.156600231
71 3 1089544.7982298278
72 3 1097345.48249155
73 3 1111400.1241211463
74 3 1119200.8083828671
75 3 1133255.450012463
76 3 1141056.1342741835
77 3 1155110.7759037793
78 3 1162911.4601655
79 3 1176966.1017950957
80 3 1184766.7860568163
81 3 1198821.4276864121
82 3 1206622.1119481327
83 3 1220676.7535777285
84 3 1228477.4378394492
85 3 1242532.079469045
86 3 1250332.7637307656
87 3 1264387.4053603613
88 3 1272188.089622082
89 3 1286242.7312516777
90 3 1294043.4155133984
91 3 1308098.0571429941
92 3 1315898.7414047148
93 3 1329953.3830343105
94 3 1337754.0672960312
95 3 1351808.708925627
96 3 1359609.3931873476
97 3 1373664.0348169433
98 3 1381464.719078664
99 3 1395519.3607082597
100 3 1403320.0449699804
101 3 1417374.6865995761
102 3 1425175.3708612968
103 3 1439230.0124908925
104 3 1447030.6967526132
105 3 1461085.338382209
106 3 1468886.0226439296
107 3 1482940.6642735254
108 3 1490741.348535246
109 3 1504795.9901648418
110 3 1512596.6744265624
111 3 1526651.3160561582
112 3 1534452.0003178788
113 3 1548506.6419474746
114 3 1556307.3262091952
115 3 1570361.967838791
116 3 1578162.6521005116
117 3 1592217.2937301074
118 3 1600017.977991828
119 3 1614072.6196214238
120 3 1621873.3038831444
121 3 1635927.9455127402
122 3 1643728.6297744608
123 3 1657783.2714040566
124 3 1665583.9556657772
125 3 1679638.597295373
126 3 1687439.2815570936
127 3 1701493.9231866894
128 3 1709294.60744841
129 3 1723349.2490780058
130 3 1731149.9333397264
131 3 1745204.5749693222
132 3 1753005.2592310428
133 3 1767059.9008606386
134 3 1774860.5851223592
135 3 1788915.226751955
136 3 1796715.9110136756
137 3 1810770.5526432714
138 3 1818571.236904992
139 3 1832625.8785345878
140 3 1840426.5627963084
141 3 1854481.2044259042
142 3 1862281.8886876248
143 3 1876336.5303172206
144 3 1884137.2145789412
0 4 300000.0
1 4 300641.3002696485
2 4 310463.420552254
3 4 325648.12541754753
4 4 334593.295432081
5 4 349220.46218888904
6 4 357811.1507564048
7 4 372212.9344567133
8 4 380660.3229589673
9 4 394970.998661981
10 4 403360.4658797134
11 4 417634.3221667316
12 4 426000.3871757108
13 4 440259.3717530797
14 4 448615.9880983533
15 4 462868.97110378515
16 4 471221.7765924881
17 4 485472.3406923094
18 4 493823.61146712775
19 4 508073.2023291913
20 4 516423.85627981316
21 4 530673.056463546
22 4 539023.4631544063
23 4 553272.506980138
24 4 561622.8148906494
25 4 575871.796378763
26 4 584222.0649978676
27 4 598471.0217549033
28 4 606821.2748319869
29 4 621070.2218391177
30 4 629420.4688121649
31 4 643669.4120065658
32 4 652019.6566043242
33 4 666268.5983233914
34 4 674618.84200797
35 4 688867.7831640817
36 4 697218.0265032377
37 4 711466.9674485733
38 4 719817.2106599631
39 4 734066.1515284668
40 4 742416.3946941054
41 4 756665.3355356957
42 4 765015.5786857486
43 4 779264.5195184965
44 4 787614.7626636766
45 4 801863.7034938548
46 4 810213.946637764
47 4 824462.8874673874
48 4 832813.1306111208
49 4 847062.0714407546
50 4 855412.3145845822
51 4 869661.2554143376
52 4 878011.4985582853
53 4 892260.4393881455
54 4 900610.6825321786
55 4 914859.6233621074
56 4 923209.8665061935
57 4 937458.8073361625
58 4 945809.0504802777
59 4 960057.991310267
60 4 968408.234454398
61 4 982657.1752844012
62 4 991007.4184285433
63 4 1005256.3592585524
64 4 1013606.6024026981
65 4 1027855.5432327103
66 4 1036205.7863768594
67 4 1050454.7272068681
68 4 1058804.970350949
69 4 1073053.9111809272
70 4 1081404.1543250082
71 4 1095653.0951549865
72 4 1104003.3382990682
73 4 1118252.2791290467
74 4 1126602.5222731284
75 4 1140851.463103107
76 4 1149201.7062471886
77 4 1163450.6470771672
78 4 1171800.8902212488
79 4 1186049.8310512274
80 4 1194400.0741953093
81 4 1208649.0150252879
82 4 1216999.2581693698
83 4 1231248.1989993483
84 4 1239598.4421434302
85 4 1253847.3829734088
86 4 1262197.6261174907
87 4 1276446.5669474693
88 4 1284796.8100915512
89 4 1299045.7509215297
90 4 1307395.9940656116
91 4 1321644.9348955902
92 4 1329995.178039672
93 4 1344244.1188696506
94 4 1352594.3620137325
95 4 1366843.302843711
96 4 1375193.545987793
97 4 1389442.4868177716
98 4 1397792.7299618535
99 4 1412041.670791832
100 4 1420391.913935914
101 4 1434640.8547658925
102 4 1442991.0979099744
103 4 1457240.038739953
104 4 1465590.2818840349
105 4 1479839.2227140134
106 4 1488189.4658580953
107 4 1502438.4066880739
108 4 1510788.6498321558
109 4 1525037.5906621343
110 4 1533387.8338062163
111 4 1547636.7746361948
112 4 1555987.0177802767
113 4 1570235.9586102553
114 4 1578586.2017543372
115 4 1592835.1425843157
116 4 1601185.3857283976
117 4 1615434.3265583762
118 4 1623784.569702458
119 4 1638033.5105324367
120 4 1646383.7536765186
121 4 1660632.6945064971
122 4 1668982.937650579
123 4 1683231.8784805576
124 4 1691582.1216246395
125 4 1705831.062454618
126 4 1714181.3055987
127 4 1728430.2464286785
128 4 1736780.4895727604
129 4 1751029.430402739
130 4 1759379.6735468209
131 4 1773628.6143767994
132 4 1781978.8575208813
133 4 1796227.79835086
134 4 1804578.0414949418
135 4 1818826.9823249204
136 4 1827177.2254690023
137 4 1841426.1662989808
138 4 1849776.4094430627
139 4 1864025.3502730413
140 4 1872375.5934171232
141 4 1886624.5342471018
142 4 1894974.7773911837
143 4 1909223.7182211622
144 4 1917573.9613652441
0 5 300000.0
1 5 301063.4603109175
2 5 311411.7493192244
3 5 327083.26338625443
4 5 335822.83188608947
5 5 350488.17392180336
6 5 358598.0281713103
7 5 372869.0055617773
8 5 380731.7220579818
9 5 394847.7213458964
10 5 402613.18660825526
11 5 416668.1174600754
12 5 424395.2085800052
13 5 438426.0090593246
14 5 446137.91583585925
15 5 460159.1545565137
16 5 467865.0358431659
17 5 481882.47474629036
18 5 489585.9580184
19 5 503601.8824455772
20 5 511304.40852987487
21 5 525319.727534261
22 5 533021.870397193
23 5 547036.9466442178
24 5 554738.935610514
25 5 568753.9142188295
26 5 576455.8411906211
27 5 590470.7804054408
28 5 598172.6823255024
29 5 612187.6055964265
30 5 619889.4973611073
31 5 633904.4141584542
32 5 641606.3017932369
33 5 655621.2159537467
34 5 663323.1019036152
35 5 677338.0149866189
36 5 685039.900246862
37 5 699054.8128881358
38 5 706756.6978652088
39 5 720771.6103248064
40 5 728473.495185225
41 5 742488.4075698612
42 5 750190.2923820716
43 5 764205.2047356789
44 5 771907.0895279036
45 5 785922.0018686265
46 5 793623.8866525366
47 5 807638.7989878928
48 5 815340.6837683325
49 5 829355.5961014453
50 5 837057.4808804361
51 5 851072.3932126078
52 5 858774.2779909887
53 5 872789.1903227646
54 5 880491.0751008884
55 5 894505.987432497
56 5 902207.8722105126
57 5 916222.7845420489
58 5 923924.6693200185
59 5 937939.5816515272
60 5 945641.4664294764
61 5 959656.3787609717
62 5 967358.263538915
63 5 981373.1758704032
64 5 989075.0606483422
65 5 1003089.9729798278
66 5 1010791.8577577655
67 5 1024806.7700892503
68 5 1032508.6548671875
69 5 1046523.5671986719
70 5 1054225.4519766618
71 5 1068240.3643081903
72 5 1075942.2490861984
73 5 1089957.161417727
74 5 1097659.046195735
75 5 1111673.9585272635
76 5 1119375.8433052716
77 5 1133390.7556368
78 5 1141092.640414808
79 5 1155107.5527463364
80 5 1162809.4375243443
81 5 1176824.3498558728
82 5 1184526.2346338807
83 5 1198541.1469654092
84 5 1206243.031743417
85 5 1220257.9440749455
86 5 1227959.8288529534
87 5 1241974.741184482
88 5 1249676.6259624898
89 5 1263691.5382940182
90 5 1271393.423072026
91 5 1285408.3354035546
92 5 1293110.2201815625
93 5 1307125.132513091
94 5 1314827.0172910988
95 5 1328841.9296226273
96 5 1336543.8144006352
97 5 1350558.7267321637
98 5 1358260.6115101716
99 5 1372275.5238417
100 5 1379977.408619708
101 5 1393992.3209512364
102 5 1401694.2057292443
103 5 1415709.1180607728
104 5 1423411.0028387806
105 5 1437425.9151703091
106 5 1445127.799948317
107 5 1459142.7122798455
108 5 1466844.5970578534
109 5 1480859.5093893819
110 5 1488561.3941673897
111 5 1502576.3064989182
112 5 1510278.191276926
113 5 1524293.1036084546
114 5 1531994.9883864624
115 5 1546009.900717991
116 5 1553711.7854959988
117 5 1567726.6978275273
118 5 1575428.5826055352
119 5 1589443.4949370637
120 5 1597145.3797150715
121 5 1611160.2920466
122 5 1618862.176824608
123 5 1632877.0891561364
124 5 1640578.9739341442
125 5 1654593.8862656727
126 5 1662295.7710436806
127 5 1676310.683375209
128 5 1684012.568153217
129 5 1698027.4804847455
130 5 1705729.3652627533
131 5 1719744.2775942818
132 5 1727446.1623722897
133 5 1741461.0747038182
134 5 1749162.959481826
135 5 1763177.8718133545
136 5 1770879.7565913624
137 5 1784894.668922891
138 5 1792596.5537008988
139 5 1806611.4660324273
140 5 1814313.3508104351
141 5 1828328.2631419636
142 5 1836030.1479199715
143 5 1850045.0602515
144 5 1857746.9450295079
0 6 300000.0
1 6 300797.8892559067
2 6 310317.8441953955
3 6 325041.8304769545
4 6 334236.73755806405
5 6 348755.08099404356
6 6 357820.388954757
7 6 372257.4256655807
8 6 381271.99577419803
9 6 395677.57154498046
10 6 404672.7832059793
11 6 419066.5592369537
12 6 428054.66278260597
13 6 442444.2210298241
14 6 451429.8711806975
15 6 465818.04087369784
16 6 474802.9358372198
17 6 489190.71993844403
18 6 498175.43942785356
19 6 512563.16309568903
20 6 521547.8815407692
21 6 535935.6317801236
22 6 544920.3869069114
23 6 559308.1748083951
24 6 568292.9642494384
25 6 582680.781450126
26 6 591665.5949092018
27 6 606053.431256561
28 6 615038.2596725336
29 6 629426.1075257267
30 6 638410.9446870806
31 6 652798.7991238158
32 6 661783.6412024567
33 6 676171.4992880407
34 6 685156.3440594536
35 6 699544.2041229751
36 6 708529.0503414338
37 6 722916.9114599277
38 6 731901.7584451837
39 6 746289.620119537
40 6 755274.4675067941
41 6 769662.3294712731
42 6 778647.1770675296
43 6 793035.0391823148
44 6 802019.8868865058
45 6 816407.7490786966
46 6 825392.5968383322
47 6 839780.4590701929
48 6 848765.306858187
49 6 863153.1691102998
50 6 872138.0169127453
51 6 886525.8791751644
52 6 895510.7269849514
53 6 909898.5892526008
54 6 918883.4370661087
55 6 933271.299336405
56 6 942256.1471517965
57 6 956644.00942343
58 6 965628.8572397738
59 6 980016.7195120831
60 6 989001.5673289048
61 6 1003389.4296015528
62 6 1012374.2774186156
63 6 1026762.1396914351
64 6 1035746.9875086206
65 6 1050134.8497815265
66 6 1059119.6975987717
67 6 1073507.5598717253
68 6 1082492.4076890002
69 6 1096880.269961972
70 6 1105865.1177792656
71 6 1120252.98005225
72 6 1129237.8278695506
73 6 1143625.6901425403
74 6 1152610.5379598446
75 6 1166998.4002328364
76 6 1175983.2480501402
77 6 1190371.110323133
78 6 1199355.9581404382
79 6 1213743.8204134323
80 6 1222728.668230738
81 6 1237116.5305037326
82 6 1246101.3783210383
83 6 1260489.2405940334
84 6 1269474.088411339
85 6 1283861.9506843342
86 6 1292846.7985016399
87 6 1307234.660774635
88 6 1316219.5085919406
89 6 1330607.3708649357
90 6 1339592.2186822414
91 6 1353980.0809552365
92 6 1362964.9287725422
93 6 1377352.7910455372
94 6 1386337.638862843
95 6 1400725.501135838
96 6 1409710.3489531437
97 6 1424098.2112261388
98 6 1433083.0590434445
99 6 1447470.9213164395
100 6 1456455.7691337452
101 6 1470843.6314067403
102 6 1479828.479224046
103 6 1494216.341497041
104 6 1503201.1893143468
105 6 1517589.0515873418
106 6 1526573.8994046475
107 6 1540961.7616776426
108 6 1549946.6094949483
109 6 1564334.4717679434
110 6 1573319.319585249
111 6 1587707.1818582441
112 6 1596692.0296755498
113 6 1611079.891948545
114 6 1620064.7397658506
115 6 1634452.6020388457
116 6 1643437.4498561514
117 6 1657825.3121291464
118 6 1666810.1599464521
119 6 1681198.0222194472
120 6 1690182.870036753
121 6 1704570.732309748
122 6 1713555.5801270537
123 6 1727943.4424000487
124 6 1736928.2902173544
125 6 1751316.1524903495
126 6 1760301.0003076552
127 6 1774688.8625806503
128 6 1783673.710397956
129 6 1798061.572670951
130 6 1807046.4204882567
131 6 1821434.2827612518
132 6 1830419.1305785575
133 6 1844806.9928515526
134 6 1853791.8406688583
135 6 1868179.7029418533
136 6 1877164.550759159
137 6 1891552.413032154
138 6 1900537.2608494598
139 6 1914925.1231224549
140 6 1923909.9709397606
141 6 1938297.8332127556
142 6 1947282.6810300613
143 6 1961670.5433030564
144 6 1970655.391120362
0 7 300000.0
1 7 302273.82655705774
2 7 310589.6775115955
3 7 322814.04199995124
4 7 331767.16757161357
5 7 344473.7829322806
6 7 353792.2390330508
7 7 366775.9034356706
8 7 376304.67726529983
9 7 389448.1627669886
10 7 399098.50522126287
11 7 412334.55170957744
12 7 422055.43543116335
13 7 435345.2911693109
14 7 445107.2575460772
15 7 458428.5066149496
16 7 468214.48248725024
17 7 481554.1089902519
18 7 491354.1625858891
19 7 504704.58142080344
20 7 514512.914880444
21 7 527869.6906248821
22 7 537682.9080638331
23 7 551043.4386946526
24 7 560859.5448534323
25 7 574222.299256696
26 7 584040.1183567073
27 7 597404.1930000669
28 7 607223.0302532086
29 7 620587.8905204125
30 7 630407.334299647
31 7 643772.6630670367
32 7 653592.4689124214
33 7 666958.0776273396
34 7 676778.1000280447
35 7 690143.8763367034
36 7 699964.0284962305
37 7 713329.9053127103
38 7 723150.1353548729
39 7 736516.0725458335
40 7 746336.3494081198
41 7 759702.3229213288
42 7 769522.6279719066
43 7 782888.6233685635
44 7 792708.9454136641
45 7 806074.9540124426
46 7 815895.2863167953
47 7 829261.3028903914
48 7 839081.641395648
49 7 852447.6627922147
50 7 862268.0050497507
51 7 875634.0293663935
52 7 885454.373896972
53 7 898820.3999834475
54 7 908640.7458923982
55 7 922006.7730526258
56 7 931827.1197982267
57 7 945193.1476105114
58 7 955013.4948644128
59 7 968379.523073023
60 7 978199.8706360093
61 7 991565.8990857165
62 7 1001386.2468368029
63 7 1014752.275433294
64 7 1024572.6232989465
65 7 1037938.6519848699
66 7 1047758.9999203488
67 7 1061125.028660843
68 7 1070945.3766389873
69 7 1084311.4054127529
70 7 1094131.753416888
71 7 1107497.782210966
72 7 1117318.1302309828
73 7 1130684.15903748
74 7 1140504.5070671984
75 7 1153870.53588128
76 7 1163690.8839169333
77 7 1177056.912735652
78 7 1186877.2607749344
79 7 1200243.2895964934
80 7 1210063.6376379987
81 7 1223429.6664612943
82 7 1233250.0145041633
83 7 1246616.043328524
84 7 1256436.3913722252
85 7 1269802.4201972384
86 7 1279622.7682414523
87 7 1292988.7970668676
88 7 1302809.145111395
89 7 1316175.173937058
90 7 1325995.521981781
91 7 1339361.5508075932
92 7 1349181.8988524363
93 7 1362547.9276783434
94 7 1372368.2757232555
95 7 1385734.3045492189
96 7 1395554.652594175
97 7 1408920.6814201737
98 7 1418741.0294651566
99 7 1432107.0582911794
100 7 1441927.4063361795
101 7 1455293.4351622153
102 7 1465113.783207225
103 7 1478479.8120332707
104 7 1488300.1600782867
105 7 1501666.1889043362
106 7 1511486.536949357
107 7 1524852.565775408
108 7 1534672.9138204323
109 7 1548038.9426464841
110 7 1557859.2906915098
111 7 1571225.3195175622
112 7 1581045.6675625886
113 7 1594411.6963886416
114 7 1604232.0444336683
115 7 1617598.0732597217
116 7 1627418.4213047489
117 7 1640784.4501308028
118 7 1650604.79817583
119 7 1663970.8270018843
120 7 1673791.1750469115
121 7 1687157.2038729659
122 7 1696977.551917993
123 7 1710343.5807440474
124 7 1720163.9287890745
125 7 1733529.957615129
126 7 1743350.305660156
127 7 1756716.3344862105
128 7 1766536.6825312376
129 7 1779902.711357292
130 7 1789723.0594023191
131 7 1803089.0882283736
132 7 1812909.4362734007
133 7 1826275.465099455
134 7 1836095.8131444822
135 7 1849461.8419705366
136 7 1859282.1900155637
137 7 1872648.2188416182
138 7 1882468.5668866453
139 7 1895834.5957126997
140 7 1905654.9437577268
141 7 1919020.9725837812
142 7 1928841.3206288083
143 7 1942207.3494548628
144 7 1952027.6974998899
0 8 300000.0
1 8 306097.1169368303
2 8 318104.22832950135
3 8 333711.3993891357
4 8 344650.96809927805
5 8 359496.5094022824
6 8 369892.2193699118
7 8 384349.0587509769
8 8 394466.70765083475
9 8 408724.45177908026
10 8 418699.41418790485
11 8 432854.8031521873
12 8 442756.27272558503
13 8 456858.84250953776
14 8 466722.3148090566
15 8 480797.5237352954
16 8 490641.275192976
17 8 504702.25620387576
18 8 514535.73274295795
19 8 528589.2863400525
20 8 538417.3886104178
21 8 552467.0497518337
22 8 562292.3300670022
23 8 576339.9433596339
24 8 586163.7361446499
25 8 600210.2678733865
26 8 610033.2735127755
27 8 624079.2318224863
28 8 633901.8193423569
29 8 647947.4724854789
30 8 657769.8370703636
31 8 671815.3272012015
32 8 681637.5724809553
33 8 695682.9752160739
34 8 705505.1564178698
35 8 719550.5121300694
36 8 729372.6587946214
37 8 743417.9891183043
38 8 753240.1171038881
39 8 767285.4336735929
40 8 777107.5515233875
41 8 791152.860617691
42 8 800974.9729498591
43 8 815020.2779684365
44 8 824842.3872877016
45 8 838887.690077398
46 8 848709.7977465858
47 8 862755.0993138422
48 8 872577.2060767707
49 8 886622.5069717153
50 8 896444.6132355569
51 8 910489.9137597671
52 8 920312.0197480449
53 8 934357.320067305
54 8 944179.4259030626
55 8 958224.7261087482
56 8 968046.8318598857
57 8 982092.1320024928
58 8 991914.2377065774
59 8 1005959.5378140733
60 8 1015781.6434919453
61 8 1029826.943579858
62 8 1039649.0492430925
63 8 1053694.3493200617
64 8 1063516.4549751072
65 8 1077561.7550459513
66 8 1087383.8606964166
67 8 1101429.1607638241
68 8 1111251.2664117096
69 8 1125296.5664771858
70 8 1135118.6721236284
71 8 1149163.972188016
72 8 1158986.0778336406
73 8 1173031.3778974172
74 8 1182853.4835425823
75 8 1196898.7836060147
76 8 1206720.889250919
77 8 1220766.1893141593
78 8 1230588.2949589172
79 8 1244633.595022048
80 8 1254455.7006667245
81 8 1268501.0007297944
82 8 1278323.1063744263
83 8 1292368.4064374622
84 8 1302190.5120820666
85 8 1316235.8121450807
86 8 1326057.9177896695
87 8 1340103.217852674
88 8 1349925.3234972528
89 8 1363970.62356025
90 8 1373792.729204824
91 8 1387838.0292678173
92 8 1397660.1349123886
93 8 1411705.4349753782
94 8 1421527.540619947
95 8 1435572.8406829352
96 8 1445394.9463275035
97 8 1459440.2463904913
98 8 1469262.3520350591
99 8 1483307.652098046
100 8 1493129.7577426136
101 8 1507175.0578056003
102 8 1516997.163450168
103 8 1531042.4635131545
104 8 1540864.5691577222
105 8 1554909.8692207085
106 8 1564731.9748652761
107 8 1578777.2749282622
108 8 1588599.3805728299
109 8 1602644.680635816
110 8 1612466.7862803836
111 8 1626512.0863433697
112 8 1636334.1919879373
113 8 1650379.4920509234
114 8 1660201.597695491
115 8 1674246.8977584771
116 8 1684069.0034030448
117 8 1698114.3034660309
118 8 1707936.4091105985
119 8 1721981.7091735846
120 8 1731803.8148181522
121 8 1745849.1148811383
122 8 1755671.220525706
123 8 1769716.520588692
124 8 1779538.6262332597
125 8 1793583.9262962458
126 8 1803406.0319408134
127 8 1817451.3320037995
128 8 1827273.4376483671
129 8 1841318.7377113532
130 8 1851140.8433559209
131 8 1865186.143418907
132 8 1875008.2490634746
133 8 1889053.5491264607
134 8 1898875.6547710283
135 8 1912920.9548340144
136 8 1922743.060478582
137 8 1936788.3605415681
138 8 1946610.4661861358
139 8 1960655.7662491219
140 8 1970477.8718936895
141 8 1984523.1719566756
142 8 1994345.2776012432
143 8 2008390.5776642293
144 8 2018212.683308797
0 9 300000.0
1 9 305151.1503888968
2 9 317773.269386496
3 9 334698.5025084891
4 9 345101.6602426121
5 9 360567.1863528963
6 9 370009.2146952825
7 9 384841.304801755
8 9 393865.471433585
9 9 408421.64657408517
10 9 417263.45120809216
11 9 431698.98032147175
12 9 440460.8909619291
13 9 454843.4610372754
14 9 463570.2323921838
15 9 477929.4638963575
16 9 486640.7190539728
17 9 500989.62468515366
18 9 509694.0012586485
19 9 524038.32017215504
20 9 532739.6352397257
21 9 547081.9086632404
22 9 555781.8557268326
23 9 570123.2133448011
24 9 578822.5467271799
25 9 593163.492718608
26 9 601862.5497367656
27 9 616203.31000133
28 9 624902.2420861723
29 9 639242.918232863
30 9 647941.7936285157
31 9 662282.4315359642
32 9 670981.2811143429
33 9 685321.9015757054
34 9 694020.7393545047
35 9 708361.3518283822
36 9 717060.1841956232
37 9 731400.7930000798
38 9 740099.6228771511
39 9 754440.2299903531
40 9 763139.058717865
41 9 777479.6650490952
42 9 786178.4932442735
43 9 800519.0992128493
44 9 809217.9271607936
45 9 823558.5329606963
46 9 832257.3607934845
47 9 846597.9665147184
48 9 855296.7942937267
49 9 869637.3999781694
50 9 878336.2277319968
51 9 892676.8333991944
52 9 901375.661141202
53 9 915716.2668002961
54 9 924415.0945367442
55 9 938755.7001920185
56 9 947454.5279258444
57 9 961795.1335793189
58 9 970493.9613119062
59 9 984834.5669645277
60 9 993533.3946965291
61 9 1007874.0003487464
62 9 1016572.828080468
63 9 1030913.4337324928
64 9 1039612.2614640824
65 9 1053952.8671160145
66 9 1062651.694847546
67 9 1076992.300499439
68 9 1085691.128230936
69 9 1100031.7338828077
70 9 1108730.5616142922
71 9 1123071.167266155
72 9 1131769.994997632
73 9 1146110.6006494903
74 9 1154809.4283809639
75 9 1169150.0340328186
76 9 1177848.8617642906
77 9 1192189.4674161444
78 9 1200888.2951476155
79 9 1215228.900799469
80 9 1223927.72853094
81 9 1238268.334182793
82 9 1246967.1619142634
83 9 1261307.7675661163
84 9 1270006.5952975864
85 9 1284347.2009494393
86 9 1293046.0286809094
87 9 1307386.6343327623
88 9 1316085.4620642322
89 9 1330426.0677160851
90 9 1339124.895447555
91 9 1353465.501099408
92 9 1362164.3288308778
93 9 1376504.9344827307
94 9 1385203.7622142006
95 9 1399544.3678660535
96 9 1408243.1955975234
97 9 1422583.8012493763
98 9 1431282.6289808461
99 9 1445623.234632699
100 9 1454322.062364169
101 9 1468662.6680160218
102 9 1477361.4957474917
103 9 1491702.1013993446
104 9 1500400.9291308145
105 9 1514741.5347826674
106 9 1523440.3625141373
107 9 1537780.9681659902
108 9 1546479.79589746
109 9 1560820.401549313
110 9 1569519.2292807829
111 9 1583859.8349326358
112 9 1592558.6626641057
113 9 1606899.2683159586
114 9 1615598.0960474284
115 9 1629938.7016992813
116 9 1638637.5294307512
117 9 1652978.1350826041
118 9 1661676.962814074
119 9 1676017.568465927
120 9 1684716.3961973968
121 9 1699057.0018492497
122 9 1707755.8295807196
123 9 1722096.4352325725
124 9 1730795.2629640424
125 9 1745135.8686158953
126 9 1753834.6963473652
127 9 1768175.301999218
128 9 1776874.129730688
129 9 1791214.7353825408
130 9 1799913.5631140107
131 9 1814254.1687658636
132 9 1822952.9964973335
133 9 1837293.6021491864
134 9 1845992.4298806563
135 9 1860333.0355325092
136 9 1869031.863263979
137 9 1883372.468915832
138 9 1892071.2966473019
139 9 1906411.9022991548
140 9 1915110.7300306247
141 9 1929451.3356824776
142 9 1938150.1634139474
143 9 1952490.7690658004
144 9 1961189.5967972702
