0 300000.0
1 428950.96607895015
2 505568.0781096332
3 558681.746017062
4 592522.1330752715
5 619725.6433344671
6 642381.3605351893
7 658795.0749202069
8 674734.1877528833
9 686962.333439069
10 700290.2986584947
11 710887.7066736283
12 723196.1057784157
13 733155.3567813502
14 745063.8827999269
15 754772.2918096908
16 766523.2882689242
17 776132.6580454079
18 787821.3190872897
19 797391.4114205143
20 809055.2965308178
21 818609.7432610412
22 830263.7376804373
23 839811.9250660302
24 851461.9540183495
25 861007.6265202935
26 872656.0588810779
27 882200.7167336938
28 893848.5036219448
29 903392.750445794
30 915040.2753396555
31 924584.3550046339
32 936231.7731463555
33 945775.7845734918
34 957423.1590568882
35 966967.1425268434
36 978614.4990919863
37 988158.4710681081
38 999805.8202543455
39 1009349.7874894842
40 1020997.1336272301
41 1030541.0989006631
42 1042188.4437751167
43 1051732.4082344342
44 1063379.7525838672
45 1072923.716704374
46 1084571.0608350108
47 1094115.0248141435
48 1105762.3688533702
49 1115306.3327733588
50 1126953.6767742995
51 1136497.6406694837
52 1148144.984654353
53 1157688.9485391197
54 1169336.2925172306
55 1178880.2563976096
56 1190527.6003728672
57 1200071.5642513975
58 1211718.908225451
59 1221262.8721031938
60 1232910.2160767387
61 1242454.1799541528
62 1254101.5239274853
63 1263645.4878047574
64 1275292.8317779975
65 1284836.7956552065
66 1296484.1396284087
67 1306028.103505595
68 1317675.447478778
69 1327219.4113559523
70 1338866.7553291293
71 1348410.7192062966
72 1360058.063179471
73 1369602.0270566372
74 1381249.3710298098
75 1390793.3349069748
76 1402440.6788801472
77 1411984.6427573122
78 1423631.9867304843
79 1433175.9506076493
80 1444823.294580821
81 1454367.258457986
82 1466014.6024311576
83 1475558.5663083221
84 1487205.9102814938
85 1496749.8741586583
86 1508397.21813183
87 1517941.1820089945
88 1529588.5259821662
89 1539132.4898593307
90 1550779.8338325024
91 1560323.797709667
92 1571971.1416828386
93 1581515.105560003
94 1593162.4495331747
95 1602706.4134103393
96 1614353.757383511
97 1623897.7212606755
98 1635545.0652338471
99 1645089.0291110117
100 1656736.3730841833
101 1666280.3369613478
102 1677927.6809345195
103 1687471.644811684
104 1699118.9887848557
105 1708662.9526620202
106 1720310.296635192
107 1729854.2605123564
108 1741501.604485528
109 1751045.5683626926
110 1762692.9123358643
111 1772236.8762130288
112 1783884.2201862005
113 1793428.184063365
114 1805075.5280365366
115 1814619.4919137012
116 1826266.8358868728
117 1835810.7997640374
118 1847458.143737209
119 1857002.1076143736
120 1868649.4515875452
121 1878193.4154647097
122 1889840.7594378814
123 1899384.723315046
124 1911032.0672882176
125 1920576.0311653821
126 1932223.3751385538
127 1941767.3390157183
128 1953414.68298889
129 1962958.6468660545
130 1974605.9908392262
131 1984149.9547163907
132 1995797.2986895624
133 2005341.262566727
134 2016988.6065398986
135 2026532.570417063
136 2038179.9143902347
137 2047723.8782673993
138 2059371.222240571
139 2068915.1861177355
140 2080562.5300909071
141 2090106.4939680716
142 2101753.8379412396
143 2111297.8018184025
144 2122945.145791578
