0 300000.0
1 300297.20916613715
2 303537.5680539694
3 307573.20386609563
4 311104.128056097
5 315935.10584718053
6 320128.82456021995
7 325512.75039224915
8 330168.28753545054
9 335938.3492674814
10 340917.1009460898
11 346958.0087295404
12 352163.97360108834
13 358395.7004824079
14 363762.0949936589
15 370128.8482049382
16 375609.010533589
17 382071.72213544155
18 387632.9066534909
19 394164.10032926174
20 399783.2271421954
21 406363.4950881535
22 412024.22680151823
23 418639.8017094455
24 424330.5246237815
25 430971.5993531128
26 436684.0233836944
27 443343.58315005986
28 449071.766714943
29 455744.7740131513
30 461484.44200060994
31 468167.2652928886
32 473915.32998860814
33 480605.3415543644
34 486359.5647080018
35 493054.8563764435
36 498813.6098301321
37 505512.7912071007
38 511274.88664218923
39 517976.94130860735
40 523741.5086655849
41 530445.6912843776
42 536212.0916005544
43 542917.8540099757
44 548685.6166940124
45 555392.5546229172
46 561161.3321491427
47 567869.1466615199
48 573638.6817305301
49 580347.151231009
50 586117.2528855152
51 592826.2127255453
52 598596.7389230222
53 605306.0664969404
54 611076.9113541251
55 617786.515174405
56 623557.5996038149
57 630267.4112700854
58 636038.6760872595
59 642748.6443665496
60 648520.0452026459
61 655230.1316545762
62 661001.6351920585
63 667711.810927905
64 673483.3921086364
65 680193.6353849055
66 685965.2753348143
67 692675.5697624977
68 698447.254245658
69 705157.5874550057
70 710929.3057197923
71 717639.6683627531
72 723411.4122790258
73 730121.7972826416
74 735893.5606954155
75 742603.9627020624
76 748375.7409465382
77 755086.1558935945
78 760857.9454306896
79 767568.370234395
80 773340.1683764624
81 780050.6006938425
82 785822.4053979134
83 792532.8434472069
84 798304.6531589983
85 805015.0955840726
86 810786.9091200988
87 817497.354887939
88 823269.1713463436
89 829979.6196694403
90 835751.4383624453
91 842461.8886400213
92 848233.7090427484
93 854944.1608161522
94 860715.9825277554
95 867426.4354466102
96 873198.2581607763
97 879908.7119572421
98 885680.5354397405
99 892390.9899089535
100 898162.8139805752
101 904873.2689657436
102 910645.093489295
103 917355.5488703602
104 923127.3737407605
105 929837.8294257333
106 935609.6545624479
107 942320.1104808163
108 948091.9358220983
109 954802.3919197863
110 960574.2174182689
111 967284.673653781
112 973056.4992731146
113 979766.9556146007
114 985538.7813268732
115 992249.237749875
116 998021.0635336456
117 1004731.5200193712
118 1010503.3458581707
119 1017213.8023921716
120 1022985.6282733324
121 1029696.0848445079
122 1035467.9107582916
123 1042178.3673580998
124 1047950.193297015
125 1054660.6499188885
126 1060432.4758771737
127 1067142.9325160494
128 1072914.7584892649
129 1079625.2151412477
130 1085397.0411259693
131 1092107.497788057
132 1097879.3237816533
133 1104589.780451535
134 1110361.6064519805
135 1117072.0631278784
136 1122843.889133605
137 1129554.3458141433
138 1135326.17182395
139 1142036.6285080682
140 1147808.454521023
141 1154518.9112079097
142 1160290.7372232946
143 1167001.1939123187
144 1172773.0199295818
