0 300000.0
1 312340.43014326465
2 328218.4126253236
3 346130.113241555
4 359348.6026664373
5 375275.4731198785
6 387011.03308715706
7 401828.7519373216
8 412733.8214798424
9 426929.0235499269
10 437366.9617337748
11 451211.2530101449
12 461385.3018781836
13 475030.9327464266
14 485055.26783241594
15 498587.9531430907
16 508526.99218289903
17 521995.19586521207
18 531885.4388223843
19 545316.6792782366
20 555178.8947309237
21 568588.8625191461
22 578434.9167037179
23 591832.5948971587
24 601669.2950085431
25 615059.8470147703
26 624891.1133849784
27 638277.5185467086
28 648105.6174993309
29 661489.6013351235
30 671315.8478097846
31 684698.4132539055
32 694523.5728674256
33 707905.3048642197
34 717729.8248902884
35 731111.0657181301
36 740935.2082913959
37 754316.1588594633
38 764140.0780779393
39 777520.8566652803
40 787344.6433787097
41 800725.3198144123
42 810549.0277306364
43 823929.643349851
44 833753.3043015935
45 847133.8836340499
46 856957.5165346703
47 870338.0741716624
48 880161.6902843391
49 893542.2349247371
50 903365.8409713723
51 916746.3778120555
52 926569.977812469
53 939950.5099642776
54 949774.106326991
55 963154.6356555221
56 972978.2298262217
57 986358.7574522366
58 996182.350300142
59 1009562.8768980434
60 1019386.4689466029
61 1032766.9949228219
62 1042590.5864877279
63 1055971.1120875783
64 1065794.7033595596
65 1079175.228731284
66 1088998.8198255647
67 1102379.34505885
68 1112202.9360452485
69 1125583.461194436
70 1135407.052115269
71 1148787.5772133272
72 1158611.1680942732
73 1171991.6931612093
74 1181815.28401787
75 1195195.8090658516
76 1205019.3999077133
77 1218399.9249441354
78 1228223.5157769728
79 1241604.0408063459
80 1251427.631633671
81 1264808.1566587442
82 1274631.747482708
83 1288012.2725051453
84 1297835.8633270524
85 1311216.3883478849
86 1321039.9791685352
87 1334420.504188385
88 1344244.0950082627
89 1357624.6200275116
90 1367448.2108469217
91 1380828.7358657988
92 1390652.32668492
93 1404032.8517035705
94 1413856.442522515
95 1427236.9675410273
96 1437060.5583598614
97 1450441.0833782891
98 1460264.674197057
99 1473645.1992154329
100 1483468.7900341589
101 1496849.3150525042
102 1506672.905871205
103 1520053.4308895273
104 1529877.021708213
105 1543257.5467265232
106 1553081.1375451998
107 1566461.6625635042
108 1576285.2533821755
109 1589665.7784004747
110 1599489.3692191425
111 1612869.8942374384
112 1622693.485056104
113 1636074.010074398
114 1645897.6008930625
115 1659278.1259113564
116 1669101.7167300202
117 1682482.2417483134
118 1692305.8325669768
119 1705686.3575852697
120 1715509.9484039329
121 1728890.473422225
122 1738714.0642408882
123 1752094.58925918
124 1761918.180077843
125 1775298.7050961347
126 1785122.2959147976
127 1798502.8209330894
128 1808326.4117517523
129 1821706.936770044
130 1831530.5275887067
131 1844911.0526069985
132 1854734.6434256611
133 1868115.168443953
134 1877938.7592626156
135 1891319.2842809074
136 1901142.87509957
137 1914523.4001178618
138 1924346.9909365245
139 1937727.5159548162
140 1947551.106773479
141 1960931.6317917707
142 1970755.2226104334
143 1984135.7476287251
144 1993959.3384473878
