0 300000.0
1 307086.66319404583
2 321255.99271388387
3 339357.1680722851
4 349731.5600888283
5 365424.8214264855
6 374269.846959264
7 388990.7643271552
8 397216.9630477742
9 411543.6394252609
10 419518.418023207
11 433684.5905148213
12 441556.799316484
13 455657.35690068686
14 463487.5477592547
15 477561.1704076692
16 485374.07723159075
17 499436.59737503476
18 507242.365129143
19 521300.2900691928
20 529103.0970341567
21 543159.1123558837
22 550960.6864479992
23 565015.9050263367
24 572816.9637206714
25 586871.848576444
26 594672.690977894
27 608727.4355177657
28 616528.186807633
29 630582.8721319167
30 638383.5849016502
31 652438.245146247
32 660238.941572974
33 674293.5911587249
34 682094.2806280067
35 696148.9256686629
36 703949.6121663986
37 718004.2552627643
38 725804.9404873793
39 739859.5827494825
40 747660.2674270156
41 761714.909330108
42 769515.5937718853
43 783570.2355200569
44 791370.9198599654
45 805425.5615411085
46 813226.2458368868
47 827280.8874889578
48 835081.5717655696
49 849136.2134050023
50 856936.8976732749
51 870991.5393072003
52 878792.2235718329
53 892846.8652033511
54 900647.5494663952
55 914702.1910968638
56 922502.8753592115
57 936557.5169892185
58 944358.2012512618
59 958412.8428810666
60 966213.5271429752
61 980268.1687726899
62 988068.8530345388
63 1002123.4946642149
64 1009924.1789260379
65 1023978.8205556961
66 1031779.5048175076
67 1045834.1464471588
68 1053634.8307089105
69 1067689.472338508
70 1075490.156600231
71 1089544.7982298278
72 1097345.48249155
73 1111400.1241211463
74 1119200.8083828671
75 1133255.450012463
76 1141056.1342741835
77 1155110.7759037793
78 1162911.4601655
79 1176966.1017950957
80 1184766.7860568163
81 1198821.4276864121
82 1206622.1119481327
83 1220676.7535777285
84 1228477.4378394492
85 1242532.079469045
86 1250332.7637307656
87 1264387.4053603613
88 1272188.089622082
89 1286242.7312516777
90 1294043.4155133984
91 1308098.0571429941
92 1315898.7414047148
93 1329953.3830343105
94 1337754.0672960312
95 1351808.708925627
96 1359609.3931873476
97 1373664.0348169433
98 1381464.719078664
99 1395519.3607082597
100 1403320.0449699804
101 1417374.6865995761
102 1425175.3708612968
103 1439230.0124908925
104 1447030.6967526132
105 1461085.338382209
106 1468886.0226439296
107 1482940.6642735254
108 1490741.348535246
109 1504795.9901648418
110 1512596.6744265624
111 1526651.3160561582
112 1534452.0003178788
113 1548506.6419474746
114 1556307.3262091952
115 1570361.967838791
116 1578162.6521005116
117 1592217.2937301074
118 1600017.977991828
119 1614072.6196214238
120 1621873.3038831444
121 1635927.9455127402
122 1643728.6297744608
123 1657783.2714040566
124 1665583.9556657772
125 1679638.597295373
126 1687439.2815570936
127 1701493.9231866894
128 1709294.60744841
129 1723349.2490780058
130 1731149.9333397264
131 1745204.5749693222
132 1753005.2592310428
133 1767059.9008606386
134 1774860.5851223592
135 1788915.226751955
136 1796715.9110136756
137 1810770.5526432714
138 1818571.236904992
139 1832625.8785345878
140 1840426.5627963084
141 1854481.2044259042
142 1862281.8886876248
143 1876336.5303172206
144 1884137.2145789412
