0 300000.0
1 300641.3002696485
2 310463.420552254
3 325648.12541754753
4 334593.295432081
5 349220.46218888904
6 357811.1507564048
7 372212.9344567133
8 380660.3229589673
9 394970.998661981
10 403360.4658797134
11 417634.3221667316
12 426000.3871757108
13 440259.3717530797
14 448615.9880983533
15 462868.97110378515
16 471221.7765924881
17 485472.3406923094
18 493823.61146712775
19 508073.2023291913
20 516423.85627981316
21 530673.056463546
22 539023.4631544063
23 553272.506980138
24 561622.8148906494
25 575871.796378763
26 584222.0649978676
27 598471.0217549033
28 606821.2748319869
29 621070.2218391177
30 629420.4688121649
31 643669.4120065658
32 652019.6566043242
33 666268.5983233914
34 674618.84200797
35 688867.7831640817
36 697218.0265032377
37 711466.9674485733
38 719817.2106599631
39 734066.1515284668
40 742416.3946941054
41 756665.3355356957
42 765015.5786857486
43 779264.5195184965
44 787614.7626636766
45 801863.7034938548
46 810213.946637764
47 824462.8874673874
48 832813.1306111208
49 847062.0714407546
50 855412.3145845822
51 869661.2554143376
52 878011.4985582853
53 892260.4393881455
54 900610.6825321786
55 914859.6233621074
56 923209.8665061935
57 937458.8073361625
58 945809.0504802777
59 960057.991310267
60 968408.234454398
61 982657.1752844012
62 991007.4184285433
63 1005256.3592585524
64 1013606.6024026981
65 1027855.5432327103
66 1036205.7863768594
67 1050454.7272068681
68 1058804.970350949
69 1073053.9111809272
70 1081404.1543250082
71 1095653.0951549865
72 1104003.3382990682
73 1118252.2791290467
74 1126602.5222731284
75 1140851.463103107
76 1149201.7062471886
77 1163450.6470771672
78 1171800.8902212488
79 1186049.8310512274
80 1194400.0741953093
81 1208649.0150252879
82 1216999.2581693698
83 1231248.1989993483
84 1239598.4421434302
85 1253847.3829734088
86 1262197.6261174907
87 1276446.5669474693
88 1284796.8100915512
89 1299045.7509215297
90 1307395.9940656116
91 1321644.9348955902
92 1329995.178039672
93 1344244.1188696506
94 1352594.3620137325
95 1366843.302843711
96 1375193.545987793
97 1389442.4868177716
98 1397792.7299618535
99 1412041.670791832
100 1420391.913935914
101 1434640.8547658925
102 1442991.0979099744
103 1457240.038739953
104 1465590.2818840349
105 1479839.2227140134
106 1488189.4658580953
107 1502438.4066880739
108 1510788.6498321558
109 1525037.5906621343
110 1533387.8338062163
111 1547636.7746361948
112 1555987.0177802767
113 1570235.9586102553
114 1578586.2017543372
115 1592835.1425843157
116 1601185.3857283976
117 1615434.3265583762
118 1623784.569702458
119 1638033.5105324367
120 1646383.7536765186
121 1660632.6945064971
122 1668982.937650579
123 1683231.8784805576
124 1691582.1216246395
125 1705831.062454618
126 1714181.3055987
127 1728430.2464286785
128 1736780.4895727604
129 1751029.430402739
130 1759379.6735468209
131 1773628.6143767994
132 1781978.8575208813
133 1796227.79835086
134 1804578.0414949418
135 1818826.9823249204
136 1827177.2254690023
137 1841426.1662989808
138 1849776.4094430627
139 1864025.3502730413
140 1872375.5934171232
141 1886624.5342471018
142 1894974.7773911837
143 1909223.7182211622
144 1917573.9613652441
