0 300000.0
1 301063.4603109175
2 311411.7493192244
3 327083.26338625443
4 335822.83188608947
5 350488.17392180336
6 358598.0281713103
7 372869.0055617773
8 380731.7220579818
9 394847.7213458964
10 402613.18660825526
11 416668.1174600754
12 424395.2085800052
13 438426.0090593246
14 446137.91583585925
15 460159.1545565137
16 467865.0358431659
17 481882.47474629036
18 489585.9580184
19 503601.8824455772
20 511304.40852987487
21 525319.727534261
22 533021.870397193
23 547036.9466442178
24 554738.935610514
25 568753.9142188295
26 576455.8411906211
27 590470.7804054408
28 598172.6823255024
29 612187.6055964265
30 619889.4973611073
31 633904.4141584542
32 641606.3017932369
33 655621.2159537467
34 663323.1019036152
35 677338.0149866189
36 685039.900246862
37 699054.8128881358
38 706756.6978652088
39 720771.6103248064
40 728473.495185225
41 742488.4075698612
42 750190.2923820716
43 764205.2047356789
44 771907.0895279036
45 785922.0018686265
46 793623.8866525366
47 807638.7989878928
48 815340.6837683325
49 829355.5961014453
50 837057.4808804361
51 851072.3932126078
52 858774.2779909887
53 872789.1903227646
54 880491.0751008884
55 894505.987432497
56 902207.8722105126
57 916222.7845420489
58 923924.6693200185
59 937939.5816515272
60 945641.4664294764
61 959656.3787609717
62 967358.263538915
63 981373.1758704032
64 989075.0606483422
65 1003089.9729798278
66 1010791.8577577655
67 1024806.7700892503
68 1032508.6548671875
69 1046523.5671986719
70 1054225.4519766618
71 1068240.3643081903
72 1075942.2490861984
73 1089957.161417727
74 1097659.046195735
75 1111673.9585272635
76 1119375.8433052716
77 1133390.7556368
78 1141092.640414808
79 1155107.5527463364
80 1162809.4375243443
81 1176824.3498558728
82 1184526.2346338807
83 1198541.1469654092
84 1206243.031743417
85 1220257.9440749455
86 1227959.8288529534
87 1241974.741184482
88 1249676.6259624898
89 1263691.5382940182
90 1271393.423072026
91 1285408.3354035546
92 1293110.2201815625
93 1307125.132513091
94 1314827.0172910988
95 1328841.9296226273
96 1336543.8144006352
97 1350558.7267321637
98 1358260.6115101716
99 1372275.5238417
100 1379977.408619708
101 1393992.3209512364
102 1401694.2057292443
103 1415709.1180607728
104 1423411.0028387806
105 1437425.9151703091
106 1445127.799948317
107 1459142.7122798455
108 1466844.5970578534
109 1480859.5093893819
110 1488561.3941673897
111 1502576.3064989182
112 1510278.191276926
113 1524293.1036084546
114 1531994.9883864624
115 1546009.900717991
116 1553711.7854959988
117 1567726.6978275273
118 1575428.5826055352
119 1589443.4949370637
120 1597145.3797150715
121 1611160.2920466
122 1618862.176824608
123 1632877.0891561364
124 1640578.9739341442
125 1654593.8862656727
126 1662295.7710436806
127 1676310.683375209
128 1684012.568153217
129 1698027.4804847455
130 1705729.3652627533
131 1719744.2775942818
132 1727446.1623722897
133 1741461.0747038182
134 1749162.959481826
135 1763177.8718133545
136 1770879.7565913624
137 1784894.668922891
138 1792596.5537008988
139 1806611.4660324273
140 1814313.3508104351
141 1828328.2631419636
142 1836030.1479199715
143 1850045.0602515
144 1857746.9450295079
