0 300000.0
1 300797.8892559067
2 310317.8441953955
3 325041.8304769545
4 334236.73755806405
5 348755.08099404356
6 357820.388954757
7 372257.4256655807
8 381271.99577419803
9 395677.57154498046
10 404672.7832059793
11 419066.5592369537
12 428054.66278260597
13 442444.2210298241
14 451429.8711806975
15 465818.04087369784
16 474802.9358372198
17 489190.71993844403
18 498175.43942785356
19 512563.16309568903
20 521547.8815407692
21 535935.6317801236
22 544920.3869069114
23 559308.1748083951
24 568292.9642494384
25 582680.781450126
26 591665.5949092018
27 606053.431256561
28 615038.2596725336
29 629426.1075257267
30 638410.9446870806
31 652798.7991238158
32 661783.6412024567
33 676171.4992880407
34 685156.3440594536
35 699544.2041229751
36 708529.0503414338
37 722916.9114599277
38 731901.7584451837
39 746289.620119537
40 755274.4675067941
41 769662.3294712731
42 778647.1770675296
43 793035.0391823148
44 802019.8868865058
45 816407.7490786966
46 825392.5968383322
47 839780.4590701929
48 848765.306858187
49 863153.1691102998
50 872138.0169127453
51 886525.8791751644
52 895510.7269849514
53 909898.5892526008
54 918883.4370661087
55 933271.299336405
56 942256.1471517965
57 956644.00942343
58 965628.8572397738
59 980016.7195120831
60 989001.5673289048
61 1003389.4296015528
62 1012374.2774186156
63 1026762.1396914351
64 1035746.9875086206
65 1050134.8497815265
66 1059119.6975987717
67 1073507.5598717253
68 1082492.4076890002
69 1096880.269961972
70 1105865.1177792656
71 1120252.98005225
72 1129237.8278695506
73 1143625.6901425403
74 1152610.5379598446
75 1166998.4002328364
76 1175983.2480501402
77 1190371.110323133
78 1199355.9581404382
79 1213743.8204134323
80 1222728.668230738
81 1237116.5305037326
82 1246101.3783210383
83 1260489.2405940334
84 1269474.088411339
85 1283861.9506843342
86 1292846.7985016399
87 1307234.660774635
88 1316219.5085919406
89 1330607.3708649357
90 1339592.2186822414
91 1353980.0809552365
92 1362964.9287725422
93 1377352.7910455372
94 1386337.638862843
95 1400725.501135838
96 1409710.3489531437
97 1424098.2112261388
98 1433083.0590434445
99 1447470.9213164395
100 1456455.7691337452
101 1470843.6314067403
102 1479828.479224046
103 1494216.341497041
104 1503201.1893143468
105 1517589.0515873418
106 1526573.8994046475
107 1540961.7616776426
108 1549946.6094949483
109 1564334.4717679434
110 1573319.319585249
111 1587707.1818582441
112 1596692.0296755498
113 1611079.891948545
114 1620064.7397658506
115 1634452.6020388457
116 1643437.4498561514
117 1657825.3121291464
118 1666810.1599464521
119 1681198.0222194472
120 1690182.870036753
121 1704570.732309748
122 1713555.5801270537
123 1727943.4424000487
124 1736928.2902173544
125 1751316.1524903495
126 1760301.0003076552
127 1774688.8625806503
128 1783673.710397956
129 1798061.572670951
130 1807046.4204882567
131 1821434.2827612518
132 1830419.1305785575
133 1844806.9928515526
134 1853791.8406688583
135 1868179.7029418533
136 1877164.550759159
137 1891552.413032154
138 1900537.2608494598
139 1914925.1231224549
140 1923909.9709397606
141 1938297.8332127556
142 1947282.6810300613
143 1961670.5433030564
144 1970655.391120362
