0 300000.0
1 302273.82655705774
2 310589.6775115955
3 322814.04199995124
4 331767.16757161357
5 344473.7829322806
6 353792.2390330508
7 366775.9034356706
8 376304.67726529983
9 389448.1627669886
10 399098.50522126287
11 412334.55170957744
12 422055.43543116335
13 435345.2911693109
14 445107.2575460772
15 458428.5066149496
16 468214.48248725024
17 481554.1089902519
18 491354.1625858891
19 504704.58142080344
20 514512.914880444
21 527869.6906248821
22 537682.9080638331
23 551043.4386946526
24 560859.5448534323
25 574222.299256696
26 584040.1183567073
27 597404.1930000669
28 607223.0302532086
29 620587.8905204125
30 630407.334299647
31 643772.6630670367
32 653592.4689124214
33 666958.0776273396
34 676778.1000280447
35 690143.8763367034
36 699964.0284962305
37 713329.9053127103
38 723150.1353548729
39 736516.0725458335
40 746336.3494081198
41 759702.3229213288
42 769522.6279719066
43 782888.6233685635
44 792708.9454136641
45 806074.9540124426
46 815895.2863167953
47 829261.3028903914
48 839081.641395648
49 852447.6627922147
50 862268.0050497507
51 875634.0293663935
52 885454.373896972
53 898820.3999834475
54 908640.7458923982
55 922006.7730526258
56 931827.1197982267
57 945193.1476105114
58 955013.4948644128
59 968379.523073023
60 978199.8706360093
61 991565.8990857165
62 1001386.2468368029
63 1014752.275433294
64 1024572.6232989465
65 1037938.6519848699
66 1047758.9999203488
67 1061125.028660843
68 1070945.3766389873
69 1084311.4054127529
70 1094131.753416888
71 1107497.782210966
72 1117318.1302309828
73 1130684.15903748
74 1140504.5070671984
75 1153870.53588128
76 1163690.8839169333
77 1177056.912735652
78 1186877.2607749344
79 1200243.2895964934
80 1210063.6376379987
81 1223429.6664612943
82 1233250.0145041633
83 1246616.043328524
84 1256436.3913722252
85 1269802.4201972384
86 1279622.7682414523
87 1292988.7970668676
88 1302809.145111395
89 1316175.173937058
90 1325995.521981781
91 1339361.5508075932
92 1349181.8988524363
93 1362547.9276783434
94 1372368.2757232555
95 1385734.3045492189
96 1395554.652594175
97 1408920.6814201737
98 1418741.0294651566
99 1432107.0582911794
100 1441927.4063361795
101 1455293.4351622153
102 1465113.783207225
103 1478479.8120332707
104 1488300.1600782867
105 1501666.1889043362
106 1511486.536949357
107 1524852.565775408
108 1534672.9138204323
109 1548038.9426464841
110 1557859.2906915098
111 1571225.3195175622
112 1581045.6675625886
113 1594411.6963886416
114 1604232.0444336683
115 1617598.0732597217
116 1627418.4213047489
117 1640784.4501308028
118 1650604.79817583
119 1663970.8270018843
120 1673791.1750469115
121 1687157.2038729659
122 1696977.551917993
123 1710343.5807440474
124 1720163.9287890745
125 1733529.957615129
126 1743350.305660156
127 1756716.3344862105
128 1766536.6825312376
129 1779902.711357292
130 1789723.0594023191
131 1803089.0882283736
132 1812909.4362734007
133 1826275.465099455
134 1836095.8131444822
135 1849461.8419705366
136 1859282.1900155637
137 1872648.2188416182
138 1882468.5668866453
139 1895834.5957126997
140 1905654.9437577268
141 1919020.9725837812
142 1928841.3206288083
143 1942207.3494548628
144 1952027.6974998899
