0 300000.0
1 306097.1169368303
2 318104.22832950135
3 333711.3993891357
4 344650.96809927805
5 359496.5094022824
6 369892.2193699118
7 384349.0587509769
8 394466.70765083475
9 408724.45177908026
10 418699.41418790485
11 432854.8031521873
12 442756.27272558503
13 456858.84250953776
14 466722.3148090566
15 480797.5237352954
16 490641.275192976
17 504702.25620387576
18 514535.73274295795
19 528589.2863400525
20 538417.3886104178
21 552467.0497518337
22 562292.3300670022
23 576339.9433596339
24 586163.7361446499
25 600210.2678733865
26 610033.2735127755
27 624079.2318224863
28 633901.8193423569
29 647947.4724854789
30 657769.8370703636
31 671815.3272012015
32 681637.5724809553
33 695682.9752160739
34 705505.1564178698
35 719550.5121300694
36 729372.6587946214
37 743417.9891183043
38 753240.1171038881
39 767285.4336735929
40 777107.5515233875
41 791152.860617691
42 800974.9729498591
43 815020.2779684365
44 824842.3872877016
45 838887.690077398
46 848709.7977465858
47 862755.0993138422
48 872577.2060767707
49 886622.5069717153
50 896444.6132355569
51 910489.9137597671
52 920312.0197480449
53 934357.320067305
54 944179.4259030626
55 958224.7261087482
56 968046.8318598857
57 982092.1320024928
58 991914.2377065774
59 1005959.5378140733
60 1015781.6434919453
61 1029826.943579858
62 1039649.0492430925
63 1053694.3493200617
64 1063516.4549751072
65 1077561.7550459513
66 1087383.8606964166
67 1101429.1607638241
68 1111251.2664117096
69 1125296.5664771858
70 1135118.6721236284
71 1149163.972188016
72 1158986.0778336406
73 1173031.3778974172
74 1182853.4835425823
75 1196898.7836060147
76 1206720.889250919
77 1220766.1893141593
78 1230588.2949589172
79 1244633.595022048
80 1254455.7006667245
81 1268501.0007297944
82 1278323.1063744263
83 1292368.4064374622
84 1302190.5120820666
85 1316235.8121450807
86 1326057.9177896695
87 1340103.217852674
88 1349925.3234972528
89 1363970.62356025
90 1373792.729204824
91 1387838.0292678173
92 1397660.1349123886
93 1411705.4349753782
94 1421527.540619947
95 1435572.8406829352
96 1445394.9463275035
97 1459440.2463904913
98 1469262.3520350591
99 1483307.652098046
100 1493129.7577426136
101 1507175.0578056003
102 1516997.163450168
103 1531042.4635131545
104 1540864.5691577222
105 1554909.8692207085
106 1564731.9748652761
107 1578777.2749282622
108 1588599.3805728299
109 1602644.680635816
110 1612466.7862803836
111 1626512.0863433697
112 1636334.1919879373
113 1650379.4920509234
114 1660201.597695491
115 1674246.8977584771
116 1684069.0034030448
117 1698114.3034660309
118 1707936.4091105985
119 1721981.7091735846
120 1731803.8148181522
121 1745849.1148811383
122 1755671.220525706
123 1769716.520588692
124 1779538.6262332597
125 1793583.9262962458
126 1803406.0319408134
127 1817451.3320037995
128 1827273.4376483671
129 1841318.7377113532
130 1851140.8433559209
131 1865186.143418907
132 1875008.2490634746
133 1889053.5491264607
134 1898875.6547710283
135 1912920.9548340144
136 1922743.060478582
137 1936788.3605415681
138 1946610.4661861358
139 1960655.7662491219
140 1970477.8718936895
141 1984523.1719566756
142 1994345.2776012432
143 2008390.5776642293
144 2018212.683308797
