0 300000.0
1 305151.1503888968
2 317773.269386496
3 334698.5025084891
4 345101.6602426121
5 360567.1863528963
6 370009.2146952825
7 384841.304801755
8 393865.471433585
9 408421.64657408517
10 417263.45120809216
11 431698.98032147175
12 440460.8909619291
13 454843.4610372754
14 463570.2323921838
15 477929.4638963575
16 486640.7190539728
17 500989.62468515366
18 509694.0012586485
19 524038.32017215504
20 532739.6352397257
21 547081.9086632404
22 555781.8557268326
23 570123.2133448011
24 578822.5467271799
25 593163.492718608
26 601862.5497367656
27 616203.31000133
28 624902.2420861723
29 639242.918232863
30 647941.7936285157
31 662282.4315359642
32 670981.2811143429
33 685321.9015757054
34 694020.7393545047
35 708361.3518283822
36 717060.1841956232
37 731400.7930000798
38 740099.6228771511
39 754440.2299903531
40 763139.058717865
41 777479.6650490952
42 786178.4932442735
43 800519.0992128493
44 809217.9271607936
45 823558.5329606963
46 832257.3607934845
47 846597.9665147184
48 855296.7942937267
49 869637.3999781694
50 878336.2277319968
51 892676.8333991944
52 901375.661141202
53 915716.2668002961
54 924415.0945367442
55 938755.7001920185
56 947454.5279258444
57 961795.1335793189
58 970493.9613119062
59 984834.5669645277
60 993533.3946965291
61 1007874.0003487464
62 1016572.828080468
63 1030913.4337324928
64 1039612.2614640824
65 1053952.8671160145
66 1062651.694847546
67 1076992.300499439
68 1085691.128230936
69 1100031.7338828077
70 1108730.5616142922
71 1123071.167266155
72 1131769.994997632
73 1146110.6006494903
74 1154809.4283809639
75 1169150.0340328186
76 1177848.8617642906
77 1192189.4674161444
78 1200888.2951476155
79 1215228.900799469
80 1223927.72853094
81 1238268.334182793
82 1246967.1619142634
83 1261307.7675661163
84 1270006.5952975864
85 1284347.2009494393
86 1293046.0286809094
87 1307386.6343327623
88 1316085.4620642322
89 1330426.0677160851
90 1339124.895447555
91 1353465.501099408
92 1362164.3288308778
93 1376504.9344827307
94 1385203.7622142006
95 1399544.3678660535
96 1408243.1955975234
97 1422583.8012493763
98 1431282.6289808461
99 1445623.234632699
100 1454322.062364169
101 1468662.6680160218
102 1477361.4957474917
103 1491702.1013993446
104 1500400.9291308145
105 1514741.5347826674
106 1523440.3625141373
107 1537780.9681659902
108 1546479.79589746
109 1560820.401549313
110 1569519.2292807829
111 1583859.8349326358
112 1592558.6626641057
113 1606899.2683159586
114 1615598.0960474284
115 1629938.7016992813
116 1638637.5294307512
117 1652978.1350826041
118 1661676.962814074
119 1676017.568465927
120 1684716.3961973968
121 1699057.0018492497
122 1707755.8295807196
123 1722096.4352325725
124 1730795.2629640424
125 1745135.8686158953
126 1753834.6963473652
127 1768175.301999218
128 1776874.129730688
129 1791214.7353825408
130 1799913.5631140107
131 1814254.1687658636
132 1822952.9964973335
133 1837293.6021491864
134 1845992.4298806563
135 1860333.0355325092
136 1869031.863263979
137 1883372.468915832
138 1892071.2966473019
139 1906411.9022991548
140 1915110.7300306247
141 1929451.3356824776
142 1938150.1634139474
143 1952490.7690658004
144 1961189.5967972702
