10 144
0 0 1.049411281632151
1 0 0.9384727818060268
2 0 0.916004205576749
3 0 0.9196465346896725
4 0 0.9255626924025027
5 0 0.9416704751543912
6 0 0.9595786860097717
7 0 0.9722722659844933
8 0 0.9880230804224202
9 0 0.9922861952420341
10 0 1.0036412194143596
11 0 1.0021266216530715
12 0 1.010602242485199
13 0 1.0063139018598481
14 0 1.0133876390988459
15 0 1.0079313940734098
16 0 1.0144055981099571
17 0 1.0084718367442735
18 0 1.014713603313248
19 0 1.0085772683712673
20 0 1.0147438644413955
21 0 1.008511930570286
22 0 1.014668540454303
23 0 1.0083827465400321
24 0 1.0145555470836602
25 0 1.0082326097003613
26 0 1.0144315035736167
27 0 1.008078545429088
28 0 1.0143067139615622
29 0 1.007927150259011
30 0 1.0141850378321364
31 0 1.0077808231019423
32 0 1.0140677929275794
33 0 1.007640282014295
34 0 1.0139553015120892
35 0 1.0075055821047583
36 0 1.0138475042927957
37 0 1.0073765273329318
38 0 1.0137442041402647
39 0 1.0072528365749656
40 0 1.0136451623587988
41 0 1.007134209845977
42 0 1.0135501360889263
43 0 1.00702035392457
44 0 1.0134588922008283
45 0 1.0069109915097325
46 0 1.0133712118392921
47 0 1.0068058637606074
48 0 1.013286891304133
49 0 1.0067047302434493
50 0 1.0132057415480777
51 0 1.006607367926266
52 0 1.0131275872044094
53 0 1.0065135698839733
54 0 1.0130522655041623
55 0 1.0064231439758653
56 0 1.0129796252198777
57 0 1.006335911592996
58 0 1.0129095256833098
59 0 1.0062517065064167
60 0 1.0128418358891937
61 0 1.0061703738208272
62 0 1.0127764336834963
63 0 1.0060917690282465
64 0 1.0127132050299807
65 0 1.0060157571531048
66 0 1.0126520433475936
67 0 1.0059422119795998
68 0 1.0125928489113092
69 0 1.0058710153526986
70 0 1.0125355283097086
71 0 1.005802056544848
72 0 1.0124799939531672
73 0 1.0057352316814265
74 0 1.0124261636272853
75 0 1.0056704432186836
76 0 1.0123739600867945
77 0 1.0056075994686715
78 0 1.012323310685725
79 0 1.0055466141663274
80 0 1.0122741470401162
81 0 1.0054874060743932
82 0 1.0122264047199798
83 0 1.0054298986223817
84 0 1.0121800229675988
85 0 1.005374019576212
86 0 1.0121349444395693
87 0 1.0053197007355146
88 0 1.0120911149702883
89 0 1.0052668776559461
90 0 1.0120484833548304
91 0 1.0052154893941283
92 0 1.0120070011493882
93 0 1.0051654782730943
94 0 1.0119666224876382
95 0 1.0051167896663435
96 0 1.01192730391157
97 0 1.0050693717988035
98 0 1.0118890042154671
99 0 1.0050231755631764
100 0 1.0118516843018615
101 0 1.0049781543502978
102 0 1.0118153070484044
103 0 1.0049342638922794
104 0 1.0117798371846964
105 0 1.0048914621173228
106 0 1.0117452411782257
107 0 1.004849709015206
108 0 1.0117114871286288
109 0 1.004808966512535
110 0 1.0116785446695833
111 0 1.0047691983569487
112 0 1.0116463848776895
113 0 1.0047303700095296
114 0 1.0116149801877734
115 0 1.0046924485447573
116 0 1.0115843043140837
117 0 1.004655402557386
118 0 1.0115543321769147
119 0 1.0046192020757034
120 0 1.0115250398342197
121 0 1.0045838184806581
122 0 1.0114964044178278
123 0 1.0045492244304022
124 0 1.0114684040739024
125 0 1.0045153937898283
126 0 1.0114410179073186
127 0 1.0044823015647224
128 0 1.0114142259296615
129 0 1.00444992384018
130 0 1.011388009010572
131 0 1.0044182377229698
132 0 1.0113623488321934
133 0 1.0043872212875509
134 0 1.011337227846488
135 0 1.0043568535254774
136 0 1.0113126292352188
137 0 1.004327114297946
138 0 1.0112885368723992
139 0 1.0042979842912565
140 0 1.0112649352890393
141 0 1.0042694449749843
142 0 1.0112418096400244
143 0 1.004241478562676
0 1 1.1149361575797323
1 1 1.0721648127284436
2 1 1.0555189084806926
3 1 1.0452941951804602
4 1 1.0360882883920164
5 1 1.0312860897873304
6 1 1.0259142903060003
7 1 1.023470480433776
8 1 1.019887163647413
9 1 1.0186776152879395
10 1 1.0160322258405898
11 1 1.0155508824877355
12 1 1.0134315999073904
13 1 1.0134176040251526
14 1 1.0116044000803623
15 1 1.0119095246481953
16 1 1.0102767862689153
17 1 1.010810450281504
18 1 1.0092831683903711
19 1 1.0099868770480316
20 1 1.0085188978773898
21 1 1.0093532382902413
22 1 1.007915620499815
23 1 1.0088531370001572
24 1 1.0074275460051338
25 1 1.008448590298858
26 1 1.0070233808822993
27 1 1.0081135702762865
28 1 1.0066813848716953
29 1 1.0078299805874453
30 1 1.0063862399909458
31 1 1.0075850779898003
32 1 1.006127015497092
33 1 1.007369782789755
34 1 1.0058958178261646
35 1 1.0071775521455777
36 1 1.005686880126781
37 1 1.0070036180015742
38 1 1.0054959399322763
39 1 1.0068444655689066
40 1 1.0053198089398088
41 1 1.0066974728367635
42 1 1.0051560726669755
43 1 1.0065606591906489
44 1 1.005002878942024
45 1 1.006432508712527
46 1 1.004858787761584
47 1 1.0063118450514907
48 1 1.0047226639125149
49 1 1.00619774218538
50 1 1.0045935996272508
51 1 1.0060894603395756
52 1 1.004470858482655
53 1 1.0059863996562872
54 1 1.0043538344252787
55 1 1.005888066467243
56 1 1.0042420216352135
57 1 1.0057940485691113
58 1 1.0041349922034528
59 1 1.0057039969677304
60 1 1.0040323794752177
61 1 1.0056176122974274
62 1 1.0039338655259782
63 1 1.0055346346387555
64 1 1.0038391716693984
65 1 1.0054548358209847
66 1 1.0037480512025567
67 1 1.0053780135522645
68 1 1.0036602838121484
69 1 1.0053039869022504
70 1 1.0035756712211685
71 1 1.0052325927919372
72 1 1.0034940337681013
73 1 1.0051636832384627
74 1 1.0034152076916492
75 1 1.0050971231697428
76 1 1.0033390429530396
77 1 1.005032788672302
78 1 1.0032654014708884
79 1 1.0049705655709524
80 1 1.0031941556751696
81 1 1.004910348264646
82 1 1.0031251873098896
83 1 1.0048520387618982
84 1 1.0030583864313853
85 1 1.00479554587289
86 1 1.002993650561708
87 1 1.0047407845258247
88 1 1.0029308839661533
89 1 1.0046876751826943
90 1 1.0028699970311332
91 1 1.0046361433354165
92 1 1.0028109057237942
93 1 1.0045861190674772
94 1 1.0027535311190057
95 1 1.0045375366696223
96 1 1.0026977989823027
97 1 1.004490334300453
98 1 1.0026436393997908
99 1 1.0044444536847879
100 1 1.0025909864477585
101 1 1.0043998398439893
102 1 1.0025397778962297
103 1 1.004356440853637
104 1 1.0024899549416717
105 1 1.0043142076247653
106 1 1.0024414619650361
107 1 1.0042730937055728
108 1 1.0023942463118765
109 1 1.0042330551010243
110 1 1.002348258091884
111 1 1.0041940501082056
112 1 1.0023034499956078
113 1 1.0041560391656335
114 1 1.0022597771264088
115 1 1.0041189847149703
116 1 1.0022171968460523
117 1 1.0040828510738606
118 1 1.0021756686325227
119 1 1.0040476043187123
120 1 1.0021351539488448
121 1 1.0040132121764906
122 1 1.0020956161218344
123 1 1.0039796439246376
124 1 1.0020570202298886
125 1 1.0039468702983636
126 1 1.002019332998944
127 1 1.0039148634046657
128 1 1.0019825227059296
129 1 1.003883596642464
130 1 1.001946559089019
131 1 1.0038530446283487
132 1 1.0019114132641396
133 1 1.00382318312744
134 1 1.0018770576472
135 1 1.0037939889889618
136 1 1.0018434658815738
137 1 1.0037654400861595
138 1 1.001810612770436
139 1 1.003737515260173
140 1 1.00177847421355
141 1 1.0037101942676
142 1 1.0017470271481532
143 1 1.0036834577314593
0 2 0.9943595885406318
1 2 0.9917964884963507
2 2 0.9927029864220276
3 2 0.9999073591753342
4 2 0.9984986440892977
5 2 1.0064456095384642
6 2 1.0028582504679915
7 2 1.0107221503335948
8 2 1.0055837295262584
9 2 1.013191649577945
10 2 1.0070618660466215
11 2 1.0144660968816344
12 2 1.007720696981846
13 2 1.0150200009436419
14 2 1.0078833970005867
15 2 1.015163155216673
16 2 1.0077627181207363
17 2 1.0150825286130534
18 2 1.0074896107274907
19 2 1.0148863200274016
20 2 1.0071415517582216
21 2 1.0146355086631687
22 2 1.0067630756436627
23 2 1.014363723446414
24 2 1.0063790664306536
25 2 1.0140890549307273
26 2 1.0060029189311952
27 2 1.0138208777741722
28 2 1.0056414117248103
29 2 1.013563731516454
30 2 1.0052975707786533
31 2 1.0133195087124305
32 2 1.004972335032169
33 2 1.013088681240634
34 2 1.004665517253793
35 2 1.0128709836353316
36 2 1.004376353583194
37 2 1.0126657910118189
38 2 1.0041038142453718
39 2 1.0124723256544157
40 2 1.0038467761948575
41 2 1.0122897677548859
42 2 1.0036041163394147
43 2 1.0121173127620737
44 2 1.003374759402266
45 2 1.0119541992099035
46 2 1.0031577001589513
47 2 1.0117997204238576
48 2 1.0029520114520647
49 2 1.0116532276112218
50 2 1.0027568445429045
51 2 1.0115141285190452
52 2 1.002571425545231
53 2 1.011381883972776
54 2 1.002395050054485
55 2 1.011256003555773
56 2 1.0022270771421522
57 2 1.011136041099293
58 2 1.0020669233421144
59 2 1.01102159032324
60 2 1.0019140569459561
61 2 1.0109122807860695
62 2 1.001767992749935
63 2 1.0108077742037365
64 2 1.0016282873000861
65 2 1.0107077611453767
66 2 1.0014945346311956
67 2 1.0106119580883273
68 2 1.0013663624698501
69 2 1.0105201048022625
70 2 1.0012434288608967
71 2 1.0104319620297495
72 2 1.0011254191736354
73 2 1.0103473094298243
74 2 1.0010120434450975
75 2 1.0102659437536263
76 2 1.000903034020705
77 2 1.010187677224023
78 2 1.0007981434565867
79 2 1.0101123360941986
80 2 1.0006971426516869
81 2 1.0100397593633024
82 2 1.0005998191817402
83 2 1.0099697976298987
84 2 1.0005059758106616
85 2 1.0099023120665978
86 2 1.0004154291579557
87 2 1.0098371735012766
88 2 1.0003280085036992
89 2 1.0097742615923222
90 2 1.000243554714856
91 2 1.009713464086872
92 2 1.0001619192789133
93 2 1.0096546761525587
94 2 1.0000829634325483
95 2 1.0095977997743655
96 2 1.0000065573746484
97 2 1.009542743209364
98 2 0.9999325795543244
99 2 1.009489420492935
100 2 0.9998609160257113
101 2 1.0094377509909123
102 2 0.9997914598623686
103 2 1.009387658992743
104 2 0.9997241106249803
105 2 1.009339073341335
106 2 0.9996587738767416
107 2 1.0092919270958123
108 2 0.9995953607415655
109 2 1.0092461572237994
110 2 0.9995337875007309
111 2 1.0092017043202652
112 2 0.9994739752241398
113 2 1.0091585123502989
114 2 0.9994158494327696
115 2 1.0091165284134602
116 2 0.9993593397892695
117 2 1.009075702527635
118 2 0.9993043798140229
119 2 1.0090359874305297
120 2 0.9992509066242435
121 2 1.0089973383971538
122 2 0.9991988606939715
123 2 1.0089597130718044
124 2 0.9991481856330255
125 2 1.0089230713132262
126 2 0.9990988279832023
127 2 1.0088873750517586
128 2 0.9990507370301617
129 2 1.0088525881574006
130 2 0.9990038646296138
131 2 1.0088186763178322
132 2 0.9989581650465527
133 2 1.008785606925525
134 2 0.9989135948064094
135 2 1.0087533489731646
136 2 0.9988701125571047
137 2 1.0087218729566771
138 2 0.998827678941081
139 2 1.008691150785224
140 2 0.9987862564764856
141 2 1.0086611556975849
142 2 0.9987458094467445
143 2 1.0086318621844113
0 3 0.9939243293652987
1 3 0.9789667588640982
2 3 0.9858911547324873
3 3 1.0022753654897096
4 3 0.9983556024338738
5 3 1.0158992910574134
6 3 1.0046134965239903
7 3 1.022061847386328
8 3 1.007048510437383
9 3 1.024434109391246
10 3 1.007656878475916
11 3 1.025157792098573
12 3 1.007488346761927
13 3 1.0252164347438193
14 3 1.0070210148316407
15 3 1.0250238070128894
16 3 1.0064594845950543
17 3 1.0247473306129897
18 3 1.005887586203039
19 3 1.0244528704860194
20 3 1.0053376164712122
21 3 1.0241652680404851
22 3 1.0048203583882098
23 3 1.0238930145597744
24 3 1.0043378527618245
25 3 1.0236382042959598
26 3 1.003888770124632
27 3 1.0234005237590804
28 3 1.003470640196521
29 3 1.0231788366215393
30 3 1.0030807545960816
31 3 1.0229718019124399
32 3 1.002716513204235
33 3 1.0227781051376534
34 3 1.002375540208839
35 3 1.0225965358642866
36 3 1.0020557073485443
37 3 1.0224260057130912
38 3 1.0017551219616603
39 3 1.0222655443669404
40 3 1.0014721036123004
41 3 1.0221142884718457
42 3 1.0012051587932596
43 3 1.021971469154964
44 3 1.0009529572357523
45 3 1.0218364002242475
46 3 1.0007143109060317
47 3 1.0217084676741839
48 3 1.0004881558025696
49 3 1.0215871205756617
50 3 1.0002735363199025
51 3 1.021471863238037
52 3 1.0000695918493028
53 3 1.0213622484805045
54 3 0.9998755452878687
55 3 1.021257871850362
56 3 0.9996906931622203
57 3 1.0211583666433333
58 3 0.9995143971153451
59 3 1.0210633996020229
60 3 0.99934607654511
61 3 1.0209726671884365
62 3 0.9991852022181602
63 3 1.020885892343687
64 3 0.9990312907122625
65 3 1.0208028216623877
66 3 0.9988838995646858
67 3 1.0207232229212284
68 3 0.9987426230242216
69 3 1.0206468829111333
70 3 0.998607088321207
71 3 1.0205736055301367
72 3 0.9984769523830193
73 3 1.0205032101013827
74 3 0.9983518989346125
75 3 1.020435529885754
76 3 0.9982316359321528
77 3 1.0203704107633111
78 3 0.9981158932860585
79 3 1.0203077100616542
80 3 0.9980044208360557
81 3 1.020247295512441
82 3 0.9978969865462995
83 3 1.0201890443200017
84 3 0.9977933748931538
85 3 1.0201328423282474
86 3 0.9976933854220564
87 3 1.0200785832739827
88 3 0.9975968314531374
89 3 1.0200261681163396
90 3 0.9975035389180025
91 3 1.019975504433436
92 3 0.9974133453124348
93 3 1.0199265058785212
94 3 0.9973260987517556
95 3 1.0198790916888771
96 3 0.9972416571172942
97 3 1.0198331862416046
98 3 0.9971598872838778
99 3 1.019788718651145
100 3 0.9970806644195063
101 3 1.0197456224040433
102 3 0.9970038713494667
103 3 1.019703835026986
104 3 0.99692939797807
105 3 1.019663297784633
106 3 0.9968571407620141
107 3 1.0196239554041697
108 3 0.9967870022300702
109 3 1.019585755823863
110 3 0.9967188905444084
111 3 1.0195486499632127
112 3 0.996652719099415
113 3 1.0195125915125702
114 3 0.9965884061543084
115 3 1.019477536740323
116 3 0.9965258744962862
117 3 1.0194434443159595
118 3 0.9964650511312747
119 3 1.019410275147509
120 3 0.9964058669996867
121 3 1.0193779922320108
122 3 0.9963482567148516
123 3 1.019346560517814
124 3 0.9962921583220417
125 3 1.0193159467776245
126 3 0.9962375130762222
127 3 1.0192861194913383
128 3 0.996184265236854
129 3 1.0192570487377892
130 3 0.9961323618782383
131 3 1.0192287060946312
132 3 0.9960817527140482
133 3 1.0192010645456493
134 3 0.9960323899348256
135 3 1.0191740983948665
136 3 0.9959842280573374
137 3 1.019147783186869
138 3 0.9959372237847941
139 3 1.019122095632833
140 3 0.9958913358770276
141 3 1.0190970135417845
142 3 0.9958465250298123
143 3 1.0190725157566585
0 4 1.0595982206226642
1 4 1.0105039192369132
2 4 1.0119256240934598
3 4 1.0194289517050543
4 4 1.0121654044699886
5 4 1.0233763016260524
6 4 1.0116731581378389
7 4 1.0247547503127534
8 4 1.010853741793271
9 4 1.0250045426966659
10 4 1.0099516813509992
11 4 1.0248042605752001
12 4 1.0090721673927394
13 4 1.024445060902857
14 4 1.0082517258681107
15 4 1.0240456533930808
16 4 1.0074983450812338
17 4 1.023652013459613
18 4 1.0068094361248572
19 4 1.0232803115563351
20 4 1.0061791353182294
21 4 1.022934829223099
22 4 1.0056010716454775
23 4 1.0226153104510844
24 4 1.0050693148989143
25 4 1.0223199312846663
26 4 1.0045786278374709
27 4 1.022046470579964
28 4 1.0041244692582754
29 4 1.021792749413835
30 4 1.0037029197020597
31 4 1.021556777540293
32 4 1.0033105926284482
33 4 1.021336785802878
34 4 1.002944551972337
35 4 1.0211312168062103
36 4 1.002602241462436
37 4 1.0209387025390435
38 4 1.0022814257238448
39 4 1.0207580399206169
40 4 1.0019801416206322
41 4 1.0205881681304807
42 4 1.0016966580653115
43 4 1.0204281487966829
44 4 1.0014294427096884
45 4 1.02027714908047
46 4 1.0011771342076645
47 4 1.0201344273537012
48 4 1.0009385189994018
49 4 1.0199993210901583
50 4 1.000712511780653
51 4 1.0198712366120084
52 4 1.000498138991878
53 4 1.0197496403808501
54 4 1.0002945247953927
55 4 1.0196340515739173
56 4 1.0001008791133161
57 4 1.0195240357317361
58 4 0.9999164873810975
59 4 1.019419199301991
60 4 0.9997407017360964
61 4 1.0193191849358967
62 4 0.9995729334119501
63 4 1.0192236674188329
64 4 0.9994126461504922
65 4 1.0191323501377847
66 4 0.999259350475799
67 4 1.019044962004678
68 4 0.9991125987015524
69 4 1.0189612547686702
70 4 0.9989719805644744
71 4 1.0188810006607285
72 4 0.9988371193939611
73 4 1.0188039903241313
74 4 0.9987076687428533
75 4 1.018730030990791
76 4 0.9985833094156871
77 4 1.0186589448701389
78 4 0.9984637468408314
79 4 1.0185905677222078
80 4 0.9983487087409555
81 4 1.0185247475907906
82 4 0.9982379430630484
83 4 1.0184613436761207
84 4 0.9981312161348651
85 4 1.018400225329458
86 4 0.9980283110194236
87 4 1.0183412711544828
88 4 0.9979290260431628
89 4 1.0182843682024845
90 4 0.9978331734767527
91 4 1.0182294112501222
92 4 0.9977405783503972
93 4 1.0181763021500356
94 4 0.9976510773879008
95 4 1.01812494924588
96 4 0.9975645180458379
97 4 1.0180752668444473
98 4 0.9974807576459273
99 4 1.018027174738476
100 4 0.9973996625902342
101 4 1.0179805977745655
102 4 0.9973211076501187
103 4 1.0179354654612935
104 4 0.9972449753209682
105 4 1.017891711613243
106 4 0.9971711552357256
107 4 1.0178492740271534
108 4 0.9970995436310504
109 4 1.017808094186868
110 4 0.9970300428606897
111 4 1.017768116994131
112 4 0.9969625609512553
113 4 1.0177292905226327
114 4 0.9968970111961555
115 4 1.0176915657929895
116 4 0.9968333117839181
117 4 1.0176548965666146
118 4 0.9967713854575482
119 4 1.0176192391566494
120 4 0.9967111592019415
121 4 1.0175845522543354
122 4 0.9966525639566945
123 4 1.0175507967693702
124 4 0.9965955343519333
125 4 1.0175179356829558
126 4 0.9965400084650411
127 4 1.017485933912373
128 4 0.9964859275963773
129 4 1.0174547581860454
130 4 0.9964332360622827
131 4 1.0174243769281528
132 4 0.9963818810038347
133 4 1.017394760151956
134 4 0.9963318122099729
135 4 1.0173658793610731
136 4 0.9962829819537506
137 4 1.017337707458028
138 4 0.9962353448405894
139 4 1.0173102186594476
140 4 0.9961888576675237
141 4 1.0172833884173582
142 4 0.9961434792925161
143 4 1.0172571933460675
0 5 1.04315815667831
1 5 1.0003076393508186
2 5 1.0047151277298632
3 5 1.0155106100834141
4 5 1.0085706041458116
5 5 1.022627413578245
6 5 1.0097587609225807
7 5 1.0253601980618121
8 5 1.009689030594939
9 5 1.0261681646027752
10 5 1.0091285353213353
11 5 1.026210115593707
12 5 1.0084149499119148
13 5 1.0259708609902498
14 5 1.0076835510643778
15 5 1.0256429795588358
16 5 1.0069840691141974
17 5 1.0253002008289709
18 5 1.0063318273439068
19 5 1.024969236998757
20 5 1.005728886986088
21 5 1.024658548308519
22 5 1.005172557765197
23 5 1.0243696934142186
24 5 1.0046587441257335
25 5 1.0241017626776132
26 5 1.0041832118068041
27 5 1.0238530853975192
28 5 1.0037420282363183
29 5 1.0236218686567615
30 5 1.00333168189672
31 5 1.0234064208518572
32 5 1.0029490825951402
33 5 1.023205216424651
34 5 1.0025915222591713
35 5 1.0230169020678317
36 5 1.0022566267812176
37 5 1.0228402832017762
38 5 1.0019423098983178
39 5 1.022674305403422
40 5 1.0016467324617
41 5 1.022518036068159
42 5 1.0013682675828373
43 5 1.0223706479748178
44 5 1.0011054711598937
45 5 1.022231405080059
46 5 1.0008570570314488
47 5 1.0220996504037543
48 5 1.000621876011507
49 5 1.021974795736107
50 5 1.0003988981501868
51 5 1.0218563128874467
52 5 1.0001871976698957
53 5 1.0217437262308604
54 5 0.9999859401239144
55 5 1.0216366063255813
56 5 0.999794371406679
57 5 1.0215345644449834
58 5 0.9996118083126901
59 5 1.0214372478638336
60 5 0.9994376303957716
61 5 1.0213443357850518
62 5 0.9992712729246598
63 5 1.0212555358071305
64 5 0.9991122207665055
65 5 1.0211705808503861
66 5 0.9989600030588127
67 5 1.021089226473983
68 5 0.9988141885537569
69 5 1.0210112485270333
70 5 0.9986743815379441
71 5 1.0209364410860853
72 5 0.9985402182462012
73 5 1.020864614639382
74 5 0.9984113637012793
75 5 1.0207955944837825
76 5 0.9982875089212269
77 5 1.0207292193060213
78 5 0.9981683684457526
79 5 1.0206653399240242
80 5 0.9980536781397555
81 5 1.0206038181675785
82 5 0.997943193238473
83 5 1.0205445258806938
84 5 0.9978366866037944
85 5 1.020487344030493
86 5 0.9977339471656022
87 5 1.020432161909591
88 5 0.9976347785256274
89 5 1.0203788764207187
90 5 0.9975389977043954
91 5 1.0203273914338644
92 5 0.997446434014432
93 5 1.0202776172074963
94 5 0.9973569280451395
95 5 1.0202294698665404
96 5 0.9972703307466355
97 5 1.0201828709307215
98 5 0.9971865026014823
99 5 1.0201377468876873
100 5 0.9971053128746235
101 5 1.0200940288060387
102 5 0.9970266389330458
103 5 1.020051651983971
104 5 0.9969503656277192
105 5 1.0200105556297694
106 5 0.9968763847312672
107 5 1.0199706825708335
108 5 0.9968045944255861
109 5 1.019931978988307
110 5 0.996734898834317
111 5 1.0198943941747185
112 5 0.9966672075956551
113 5 1.019857880312339
114 5 0.9966014354714905
115 5 1.0198223922702216
116 5 0.9965375019893306
117 5 1.01978788741811
118 5 0.9964753311138363
119 5 1.0197543254556012
120 5 0.9964148509451576
121 5 1.019721668255125
122 5 0.9963559934415469
123 5 1.0196898797174545
124 5 0.9962986941640073
125 5 1.0196589256385944
126 5 0.996242892040953
127 5 1.0196287735870158
128 5 0.9961885291510821
129 5 1.019599392790313
130 5 0.996135550522834
131 5 1.0195707540304457
132 5 0.9960839039489744
133 5 1.0195428295468223
134 5 0.9960335398149927
135 5 1.0195155929465427
136 5 0.9959844109401246
137 5 1.0194890191211958
138 5 0.9959364724299322
139 5 1.0194630841696573
140 5 0.9958896815394707
141 5 1.0194377653263875
142 5 0.9958439975461653
143 5 1.0194130408947828
0 6 1.069011259006839
1 6 1.0187337019783564
2 6 1.0174888626496232
3 6 1.0223463233007823
4 6 1.0151313354380362
5 6 1.0237117715090565
6 6 1.0134004022115493
7 6 1.0239433133491098
8 6 1.011993518322957
9 6 1.023686801689558
10 6 1.0108048761114192
11 6 1.0232502526562468
12 6 1.0097783328712469
13 6 1.022767813909046
14 6 1.0088771829136691
15 6 1.0222938106815678
16 6 1.0080758214822136
17 6 1.0218479056798413
18 6 1.00735590750981
19 6 1.0214353323137824
20 6 1.0067039716037407
21 6 1.0210556422000217
22 6 1.006109833706363
23 6 1.0207063857085221
24 6 1.005565567467351
25 6 1.0203846097684068
26 6 1.005064830012997
27 6 1.0200874327999365
28 6 1.0046024269637999
29 6 1.019812238089472
30 6 1.0041740252136124
31 6 1.0195567150471283
32 6 1.0037759578431715
33 6 1.019318844026996
34 6 1.0034050869719309
35 6 1.01909686361662
36 6 1.003058703836408
37 6 1.0188892355071264
38 6 1.002734453539681
39 6 1.018694612268089
40 6 1.0024302767532607
41 6 1.0185118094540049
42 6 1.002144363505661
43 6 1.0183397820117333
44 6 1.0018751158879649
45 6 1.018177604486767
46 6 1.0016211175333936
47 6 1.0180244544358161
48 6 1.0013811083668975
49 6 1.0178795984972877
50 6 1.0011539635323607
51 6 1.0177423806522627
52 6 1.0009386756801761
53 6 1.01761221229076
54 6 1.0007343399889836
55 6 1.0174885637697915
56 6 1.0005401414324255
57 6 1.0173709572090157
58 6 1.0003553439031623
59 6 1.017258960317557
60 6 1.0001792808831629
61 6 1.0171521810838497
62 6 1.0000113474084298
63 6 1.0170502631908842
64 6 0.9998509931227282
65 6 1.0169528820438267
66 6 0.9996977162515837
67 6 1.016859741316626
68 6 0.9995510583572103
69 6 1.016770569940156
70 6 0.9994105997587275
71 6 1.0166851194674198
72 6 0.9992759555211662
73 6 1.0166031617618598
74 6 0.9991467719325404
75 6 1.01652448696345
76 6 0.9990227234010389
77 6 1.0164489016944185
78 6 0.9989035097150234
79 6 1.0163762274722683
80 6 0.9987888536172902
81 6 1.0163062993027077
82 6 0.9986784986523227
83 6 1.0162389644291183
84 6 0.9985722072513581
85 6 1.0161740812186202
86 6 0.9984697590251657
87 6 1.016111518167638
88 6 0.9983709492387239
89 6 1.016051153012271
90 6 0.9982755874455751
91 6 1.015992871930807
92 6 0.9981834962626936
93 6 1.0159365688274322
94 6 0.9980945102692829
95 6 1.0158821446876534
96 6 0.9980084750151179
97 6 1.015829506997195
98 6 0.9979252461259303
99 6 1.0157785692171957
100 6 0.9978446884949288
101 6 1.0157292503094395
102 6 0.9977666755509387
103 6 1.015681474306149
104 6 0.9976910885948151
105 6 1.0156351699195296
106 6 0.9976178161968177
107 6 1.0155902701868498
108 6 0.9975467536485088
109 6 1.0155467121473356
110 6 0.9974778024635058
111 6 1.015504436547608
112 6 0.9974108699220827
113 6 1.0154633875727566
114 6 0.9973458686551919
115 6 1.0154235126004885
116 6 0.9972827162639815
117 6 1.0153847619760752
118 6 0.9972213349713239
119 6 1.0153470888060703
120 6 0.9971616513022594
121 6 1.0153104487689992
122 6 0.9971035957905892
123 6 1.0152747999414125
124 6 0.9970471027091599
125 6 1.0152401026378675
126 6 0.9969921098216339
127 6 1.0152063192635572
128 6 0.9969385581537769
129 6 1.0151734141784283
130 6 0.9968863917824937
131 6 1.0151413535717664
132 6 0.9968355576410284
133 6 1.0151101053463103
134 6 0.9967860053388993
135 6 1.015079639011069
136 6 0.9967376869952864
137 6 1.015049925582082
138 6 0.9966905570847135
139 6 1.0150209374904495
140 6 0.9966445722939781
141 6 1.0149926484970155
142 6 0.996599691389384
143 6 1.014965033613151
0 7 1.0693217008737124
1 7 1.0339533701707477
2 7 1.0278703405307001
3 7 1.027521588899685
4 7 1.0215941323990108
5 7 1.0237999892448033
6 7 1.0177303532182056
7 7 1.0214426357235458
8 7 1.0151452792725677
9 7 1.0198361398606033
10 7 1.0132980610384628
11 7 1.018669240667669
12 7 1.0119028261689689
13 7 1.0177730035635735
14 7 1.010798229328246
15 7 1.017051451473653
16 7 1.0098889988724813
17 7 1.0164480884753546
18 7 1.0091168746437016
19 7 1.015928577477358
20 7 1.0084451053443517
21 7 1.0154713594843776
22 7 1.0078497829872635
23 7 1.0150624159570432
24 7 1.0073148439161943
25 7 1.0146922791002493
26 7 1.0068291194566361
27 7 1.0143542944539439
28 7 1.0063845647950964
29 7 1.0140435944005421
30 7 1.0059751785085176
31 7 1.013756481262262
32 7 1.0055963329339423
33 7 1.0134900494760024
34 7 1.0052443519714402
35 7 1.0132419491209368
36 7 1.0049162396632065
37 7 1.013010234178858
38 7 1.004609501784401
39 7 1.0127932623841636
40 7 1.004322025604222
41 7 1.0125896270559265
42 7 1.0040519966072767
43 7 1.0123981091762122
44 7 1.0037978391339795
45 7 1.0122176425962102
46 7 1.0035581728297376
47 7 1.0120472879853717
48 7 1.0033317797920516
49 7 1.0118862127734316
50 7 1.0031175791444256
51 7 1.011733675324558
52 7 1.0029146069056307
53 7 1.011589012189495
54 7 1.0027219997367003
55 7 1.0114516276596408
56 7 1.002538981601259
57 7 1.0113209850868565
58 7 1.0023648526670315
59 7 1.0111965995881014
60 7 1.0021989799681956
61 7 1.011078031856969
62 7 1.0020407894766814
63 7 1.010964882874128
64 7 1.0018897593184923
65 7 1.010856789357307
66 7 1.001745413932688
67 7 1.0107534198264552
68 7 1.0016073190147505
69 7 1.0106544711848175
70 7 1.0014750771188388
71 7 1.0105596657367208
72 7 1.0013483238171044
73 7 1.0104687485760948
74 7 1.0012267243334871
75 7 1.0103814852926014
76 7 1.0011099705836117
77 7 1.0102976599503697
78 7 1.000997778563832
79 7 1.0102170733019826
80 7 1.0008898860418496
81 7 1.0101395412061152
82 7 1.0007860505086812
83 7 1.0100648932221286
84 7 1.0006860473579176
85 7 1.0099929713588525
86 7 1.0005896682632427
87 7 1.0099236289581126
88 7 1.0004967197294006
89 7 1.00985672969637
90 7 1.0004070217953152
91 7 1.009792146690084
92 7 1.000320406871015
93 7 1.0097297616924712
94 7 1.0002367186924843
95 7 1.0096694643709196
96 7 1.000155811380754
97 7 1.0096111516557436
98 7 1.0000775485932598
99 7 1.0095547271522372
100 7 1.0000018027570867
101 7 1.009500100608916
102 7 0.99992845437504
103 7 1.0094471874358097
104 7 0.9998573913965665
105 7 1.0093959082673734
106 7 0.999788508646596
107 7 1.0093461885652852
108 7 0.9997217073061504
109 7 1.0092979582569352
110 7 0.9996568944393367
111 7 1.0092511514059268
112 7 0.9995939825619643
113 7 1.0092057059113255
114 7 0.9995328892475674
115 7 1.009161563232774
116 7 0.9994735367671139
117 7 1.0091186681389146
118 7 0.9994158517590708
119 7 1.0090769684768455
120 7 0.9993597649269017
121 7 1.0090364149605873
122 7 0.9993052107613571
123 7 1.0089969609767526
124 7 0.999252127285229
125 7 1.0089585624058162
126 7 0.9992004558184711
127 7 1.0089211774575344
128 7 0.9991501407618162
129 7 1.0088847665192304
130 7 0.9991011293972156
131 7 1.008849292015785
132 7 0.9990533717035904
133 7 1.0088147182802927
134 7 0.9990068201865437
135 7 1.0087810114344467
136 7 0.9989614297208146
137 7 1.0087481392778102
138 7 0.9989171574043744
139 7 1.0087160711852141
140 7 0.998873962423175
141 7 1.0086847780115908
142 7 0.9988318059256522
143 7 1.0086542320036267
0 8 1.024274447443708
1 8 1.0073154844396457
2 8 1.007256241118859
3 8 1.0133625482805053
4 8 1.0095984076667615
5 8 1.0166902574162142
6 8 1.0105660418046387
7 8 1.0182248954087525
8 8 1.0106911688595281
9 8 1.018748968936412
10 8 1.0103695315766303
11 8 1.0187515393850242
12 8 1.009838420856553
13 8 1.018504360167567
14 8 1.0092272262760398
15 8 1.0181497797959493
16 8 1.0086023538854678
17 8 1.0177595054616895
18 8 1.0079958425194024
19 8 1.0173682664367645
20 8 1.0074216828271614
21 8 1.0169919077539689
22 8 1.0068846773803863
23 8 1.0166368243075707
24 8 1.0063851258021976
25 8 1.0163047981033504
26 8 1.0059212563511588
27 8 1.0159954488281566
28 8 1.005490463886125
29 8 1.0157074596704025
30 8 1.0050899232694679
31 8 1.0154391794003979
32 8 1.0047168795354242
33 8 1.0151889090262989
34 8 1.0043687730715039
35 8 1.0149550304216086
36 8 1.00404328237282
37 8 1.0147360569524992
38 8 1.0037383271158078
39 8 1.0145306465943
40 8 1.003452053439148
41 8 1.01433759786442
42 8 1.0031828124375402
43 8 1.0141558386438971
44 8 1.0029291372302016
45 8 1.0139844127647635
46 8 1.0026897210672048
47 8 1.013822466626927
48 8 1.0024633974717032
49 8 1.0136692368091633
50 8 1.002249122696013
51 8 1.013524039006927
52 8 1.0020459604334775
53 8 1.0133862583336266
54 8 1.0018530685865894
55 8 1.0132553408936738
56 8 1.001669687846905
57 8 1.0131307864890013
58 8 1.0014951318427077
59 8 1.0130121423125367
60 8 1.0013287786305571
61 8 1.0128989974909963
62 8 1.0011700633336225
63 8 1.0127909783543887
64 8 1.0010184717572108
65 8 1.0126877443260662
66 8 1.0008735348372002
67 8 1.0125889843427136
68 8 1.0007348237994758
69 8 1.0124944137275675
70 8 1.0006019459275417
71 8 1.0124037714518979
72 8 1.0004745408516973
73 8 1.0123168177301611
74 8 1.0003522772866649
75 8 1.0122333319024328
76 8 1.000234850155942
77 8 1.012153110565059
78 8 1.0001219780505315
79 8 1.0120759659162588
80 8 1.0000134009776365
81 8 1.0120017242884272
82 8 0.9999088783614748
83 8 1.0119302248430375
84 8 0.999808187263901
85 8 1.0118613184075211
86 8 0.9997111207971725
87 8 1.0117948664364158
88 8 0.9996174867050571
89 8 1.0117307400815854
90 8 0.999527106091862
91 8 1.0116688193583738
92 8 0.9994398122816699
93 8 1.0116089923963412
94 8 0.9993554497924932
95 8 1.011551154764744
96 8 0.9992738734120633
97 8 1.0114952088642002
98 8 0.9991949473637041
99 8 1.0114410633770807
100 8 0.9991185445521977
101 8 1.011388632770129
102 8 0.9990445458808472
103 8 1.0113378368435955
104 8 0.9989728396320059
105 8 1.0112886003219006
106 8 0.9989033209042988
107 8 1.011240852481424
108 8 0.9988358911005816
109 8 1.0111945268115563
110 8 0.9987704574613694
111 8 1.0111495607055878
112 8 0.9987069326390989
113 8 1.0111058951784249
114 8 0.9986452343091142
115 8 1.0110634746084468
116 8 0.9985852848137322
117 8 1.0110222465011338
118 8 0.9985270108361515
119 8 1.0109821612723526
120 8 0.9984703431013251
121 8 1.0109431720494177
122 8 0.9984152161012354
123 8 1.0109052344882503
124 8 0.9983615678422724
125 8 1.0108683066051365
126 8 0.9983093396126754
127 8 1.0108323486217419
128 8 0.9982584757681994
129 8 1.0107973228221787
130 8 0.9982089235343623
131 8 1.010763193421049
132 8 0.9981606328237949
133 8 1.0107299264414888
134 8 0.9981135560673673
135 8 1.0106974896023435
136 8 0.9980676480578912
137 8 1.0106658522136862
138 8 0.9980228658053205
139 8 1.0106349850799647
140 8 0.9979791684024766
141 8 1.0106048604101399
142 8 0.9979365169004142
143 8 1.0105754517342298
0 9 1.01716973818163
1 9 0.9947309223172394
2 9 0.998393266378476
3 9 1.0097080016611508
4 9 1.0050149045042098
5 9 1.0178585574484162
6 9 1.0080437443046408
7 9 1.0215012063124747
8 9 1.0090075504290097
9 9 1.0228536049318788
10 9 1.0089825469077314
11 9 1.023168625581544
12 9 1.0085351584949136
13 9 1.0230464646474258
14 9 1.0079330663413697
15 9 1.0227555698647968
16 9 1.0072956288895747
17 9 1.0224115949788577
18 9 1.006673141061983
19 9 1.0220626279592517
20 9 1.0060847782898437
21 9 1.021727495440543
22 9 1.0055360759100476
23 9 1.021412570839282
24 9 1.005026828374234
25 9 1.0211190636124094
26 9 1.0045546062274289
27 9 1.0208461516264327
28 9 1.004116290904527
29 9 1.0205923099433165
30 9 1.0037087203042014
31 9 1.0203558607891134
32 9 1.0033289396968659
33 9 1.0201351894705823
34 9 1.0029742807642392
35 9 1.0199288188429247
36 9 1.002642368562701
37 9 1.0197354254504738
38 9 1.0023311006425566
39 9 1.0195538329624827
40 9 1.0020386175322529
41 9 1.0193829979482163
42 9 1.0017632725924563
43 9 1.0192219941543108
44 9 1.0015036042866887
45 9 1.0190699976461506
46 9 1.0012583117716796
47 9 1.018926273576848
48 9 1.0010262338265643
49 9 1.0187901646991726
50 9 1.0008063308118849
51 9 1.018661081493617
52 9 1.0005976692598282
53 9 1.0185384937129052
54 9 1.0003994087045733
55 9 1.0184219231380411
56 9 1.0002107904036248
57 9 1.0183109373602264
58 9 1.0000311276511207
59 9 1.018205144428586
60 9 0.999859797432034
61 9 1.018104188228795
62 9 0.9996962332079264
63 9 1.0180077444799176
64 9 0.9995399186604199
65 9 1.0179155172556218
66 9 0.9993903822477956
67 9 1.0178272359515903
68 9 0.9992471924543092
69 9 1.0177426526339088
70 9 0.999109953631671
71 9 1.0176615397137285
72 9 0.9989783023483467
73 9 1.017583687902392
74 9 0.9988519041758422
75 9 1.0175089044083157
76 9 0.9987304508521384
77 9 1.017437011342941
78 9 0.9986136577716336
79 9 1.0173678443080092
80 9 0.9985012617585918
81 9 1.017301251140548
82 9 0.9983930190874062
83 9 1.0172370907954074
84 9 0.9982887037183634
85 9 1.0171752323480658
86 9 0.9981881057220086
87 9 1.017115554102876
88 9 0.9980910298690133
89 9 1.0170579427939677
90 9 0.9979972943656086
91 9 1.0170022928677658
92 9 0.9979067297173505
93 9 1.0169485058375625
94 9 0.9978191777062759
95 9 1.0168964897018413
96 9 0.9977344904684637
97 9 1.016846158419122
98 9 0.9976525296606862
99 9 1.0167974314330235
100 9 0.9975731657062739
101 9 1.016750233242032
102 9 0.997496277111543
103 9 1.0167044930091356
104 9 0.9974217498452034
105 9 1.0166601442070866
106 9 0.9973494767740794
107 9 1.0166171242955513
108 9 0.9972793571492686
109 9 1.016575374426854
110 9 0.9972112961375599
111 9 1.0165348391774018
112 9 0.9971452043935234
113 9 1.0164954663022163
114 9 0.9970809976682149
115 9 1.0164572065102826
116 9 0.9970185964508897
117 9 1.0164200132586845
118 9 0.996957925640523
119 9 1.0163838425637213
120 9 0.996898914244283
121 9 1.016348652827391
122 9 0.9968414951004119
123 9 1.0163144046778028
124 9 0.9967856046232391
125 9 1.0162810608222301
126 9 0.9967311825682936
127 9 1.0162485859116521
128 9 0.9966781718156894
129 9 1.01621694641575
130 9 0.9966265181701464
131 9 1.0161861105074275
132 9 0.9965761701761784
133 9 1.0161560479560194
134 9 0.9965270789471183
135 9 1.0161267300284367
136 9 0.99647919800679
137 9 1.0160981293975655
138 9 0.9964324831427471
139 9 1.016070220057311
140 9 0.9963868922701076
141 9 1.0160429772437252
142 9 0.9963423853050957
143 9 1.0160163773617206
