0 0 1.0047507115885828
0 1 1.0095265260209112
0 2 1.3298272540488256
0 3 1.414212052933649
0 4 1.4128317562058337
0 5 NaN
0 6 NaN
0 7 NaN
0 8 NaN
0 9 NaN
1 0 1.0012716575462886
1 1 1.0105771410968285
1 2 1.1406413204053825
1 3 1.3481304168939194
1 4 1.3515283905577418
1 5 NaN
1 6 NaN
1 7 NaN
1 8 NaN
1 9 NaN
2 0 1.0023874083358975
2 1 1.0093223760552892
2 2 1.12486464426427
2 3 1.3300530342374661
2 4 NaN
2 5 NaN
2 6 NaN
2 7 NaN
2 8 NaN
2 9 NaN
3 0 1.002304443927738
3 1 1.00905654557129
3 2 1.108428204085945
3 3 0.568549492145022
3 4 NaN
3 5 NaN
3 6 NaN
3 7 NaN
3 8 NaN
3 9 NaN
4 0 1.008104574838648
4 1 1.008360600506307
4 2 1.0195435430634119
4 3 1.0062449533783429
4 4 NaN
4 5 NaN
4 6 NaN
4 7 NaN
4 8 NaN
4 9 NaN
5 0 1.0048975073301116
5 1 1.0060125673876497
5 2 1.0244784366067305
5 3 1.0003235364657839
5 4 NaN
5 5 NaN
5 6 NaN
5 7 NaN
5 8 NaN
5 9 NaN
6 0 1.0040919576672738
6 1 1.0068901086891109
6 2 1.023865304846617
6 3 0.9957549735010045
6 4 NaN
6 5 NaN
6 6 NaN
6 7 NaN
6 8 NaN
6 9 NaN
7 0 1.0062208008448161
7 1 1.006627788990862
7 2 1.0233353029175196
7 3 1.064836008003032
7 4 NaN
7 5 NaN
7 6 NaN
7 7 NaN
7 8 NaN
7 9 NaN
8 0 1.0131519915749223
8 1 1.006227583864769
8 2 1.0226971526427944
8 3 0.9876194755128401
8 4 NaN
8 5 NaN
8 6 NaN
8 7 NaN
8 8 NaN
8 9 NaN
9 0 1.0034917273289823
9 1 1.0048202999743845
9 2 1.020964248895337
9 3 0.9911919389219794
9 4 NaN
9 5 NaN
9 6 NaN
9 7 NaN
9 8 NaN
9 9 NaN
10 0 1.0035754059366133
10 1 1.0398750712006037
10 2 1.3489951435705263
10 3 1.2163251366642527
10 4 NaN
10 5 NaN
10 6 NaN
10 7 NaN
10 8 NaN
10 9 NaN
11 0 1.0105137946543263
11 1 1.0495667607539494
11 2 1.023174994031907
11 3 1.0990498314634154
11 4 NaN
11 5 NaN
11 6 NaN
11 7 NaN
11 8 NaN
11 9 NaN
12 0 1.008364496920549
12 1 0.9999408121361187
12 2 1.0631239133692594
12 3 1.3180437166604815
12 4 NaN
12 5 NaN
12 6 NaN
12 7 NaN
12 8 NaN
12 9 NaN
13 0 1.0069011483857802
13 1 0.9914127370010535
13 2 0.659420260569455
13 3 1.3517815106509157
13 4 NaN
13 5 NaN
13 6 NaN
13 7 NaN
13 8 NaN
13 9 NaN
14 0 1.006627788990862
14 1 1.0061296497686387
14 2 0.9679440565551358
14 3 0.6639748519212775
14 4 NaN
14 5 NaN
14 6 NaN
14 7 NaN
14 8 NaN
14 9 NaN
15 0 1.009046143351259
15 1 1.0548718753294508
15 2 1.4129303046324835
15 3 1.2134089119944382
15 4 NaN
15 5 NaN
15 6 NaN
15 7 NaN
15 8 NaN
15 9 NaN
16 0 1.0051429428629466
16 1 1.3311939168971718
16 2 1.080152541349539
16 3 0.874919460617851
16 4 NaN
16 5 NaN
16 6 NaN
16 7 NaN
16 8 NaN
16 9 NaN
17 0 1.004928008187929
17 1 0.8316067410573553
17 2 1.053000323704055
17 3 0.6688525821114664
17 4 NaN
17 5 NaN
17 6 NaN
17 7 NaN
17 8 NaN
17 9 NaN
18 0 1.0092950796275806
18 1 0.9894798186907992
18 2 1.0374924943896584
18 3 1.1912073711713018
18 4 NaN
18 5 NaN
18 6 NaN
18 7 NaN
18 8 NaN
18 9 NaN
19 0 1.0062376586183692
19 1 1.0172132449717264
19 2 1.0078378938405221
19 3 1.1254899636164823
19 4 NaN
19 5 NaN
19 6 NaN
19 7 NaN
19 8 NaN
19 9 NaN
